0
4
17
95
99
258
273
302
333
366
399
405
457
536
576
605
607
706
742
761
930
946
1005
1036
1063
1086
1098
1114
1123
1179
1188
1192
1217
1295
1337
1359
1414
1424
1500
1547
1814
1824
1831
1865
1888
1895
1914
2124
2249
2273
2314
2326
2483
2488
2523
2540
2610
2726
2745
2792
2813
2833
2898
2946
2959
2968
3089
3217
3218
3287
3358
3461
3491
3514
3583
3598
3746
3893
4060
4130
4137
4169
4288
4367
4406
4444
4474
4648
4657
4664
4693
4694
4754
4757
4863
4943
4945
5046
5071
5170
5183
5186
5246
5252
5263
5339
5340
5349
5453
5474
5514
5531
5592
5624
5779
5868
5879
5891
6010
6059
6077
6124
6157
6325
6337
6394
6419
6424
6461
6472
6516
6556
6580
6683
6704
6705
6785
6867
6933
6935
6962
6966
6983
7082
7086
7118
7160
7167
7188
7206
7240
7346
7352
7353
7466
7474
7500
7648
7705
7778
7809
7967
7975
8014
8044
8055
8272
8316
8387
8416
8442
8461
8499
8548
8633
8654
8722
8751
8782
8816
8907
8941
8974
9068
9107
9149
9182
9196
9265
9266
9388
9404
9432
9450
9776
9794
9862
9900
9908
9991
