81
245
284
358
372
419
502
506
512
518
791
863
873
906
923
929
961
979
996
1139
1233
1234
1263
1384
1398
1405
1440
1725
1765
1773
1798
1843
1872
1940
1945
2064
2070
2071
2105
2196
2230
2238
2303
2321
2383
2420
2458
2493
2678
2755
2822
2936
2965
3010
3194
3198
3322
3376
3543
3562
3668
3716
3732
3737
3802
3862
3867
3870
3949
4048
4075
4102
4208
4216
4262
4286
4403
4442
4453
4481
4485
4500
4549
4556
4580
4618
4627
4653
4696
4728
4771
4817
4885
4941
4947
5016
5020
5030
5083
5312
5324
5332
5345
5358
5362
5404
5549
5579
5589
5597
5608
5613
5649
5712
5729
5750
5778
5799
5825
5831
5839
5902
5921
5978
5980
6031
6040
6051
6127
6143
6149
6241
6442
6515
6526
6584
6603
6604
6644
6694
6726
6732
6767
6793
6829
6844
6878
6894
6904
6924
7048
7217
7300
7325
7356
7371
7372
7401
7450
7454
7477
7536
7581
7742
7751
7760
7777
7781
7828
8043
8068
8146
8247
8248
8325
8386
8397
8437
8524
8560
8568
8591
8632
8703
8805
8899
8900
8954
9006
9138
9307
9312
9425
9506
9507
9554
9665
9815
9942
9977
