27
68
252
279
312
330
345
401
417
424
470
641
693
699
817
908
932
958
966
1008
1043
1056
1077
1131
1133
1142
1238
1309
1358
1374
1418
1428
1494
1518
1601
1862
1885
1933
2010
2025
2035
2036
2068
2073
2074
2154
2157
2223
2248
2385
2388
2402
2409
2440
2565
2572
2609
2623
2645
2663
2874
2881
2929
2941
2942
3018
3117
3176
3254
3314
3348
3434
3448
3463
3465
3610
3748
4036
4079
4090
4110
4153
4291
4294
4313
4338
4407
4420
4489
4575
4576
4601
4614
4727
4747
4785
4831
4914
4985
5054
5094
5115
5142
5143
5180
5249
5467
5469
5500
5645
5706
5759
5851
5907
5926
5934
5959
5971
5989
6098
6146
6193
6309
6323
6470
6496
6731
6765
6809
6824
6831
6931
6944
6963
7012
7080
7096
7156
7166
7226
7298
7331
7376
7430
7437
7491
7528
7547
7560
7680
7722
7759
7805
7817
7820
7859
7866
7922
7950
7954
8079
8094
8096
8128
8170
8175
8219
8280
8289
8426
8445
8494
8570
8696
8698
8725
8742
8770
8795
8969
8980
9033
9045
9091
9174
9199
9243
9376
9466
9498
9545
9550
9658
9674
9725
9836
9885
9917
9922
9929
