3
49
65
66
104
191
283
285
296
332
361
391
652
743
816
822
843
918
967
1026
1136
1232
1252
1312
1347
1362
1382
1394
1431
1463
1530
1546
1578
1709
1750
1811
1849
1867
1882
1906
2100
2117
2145
2188
2207
2222
2251
2257
2297
2341
2584
2603
2618
2620
2685
2723
2736
2817
2884
2921
2975
2978
3003
3012
3088
3111
3184
3222
3276
3338
3432
3659
3684
3696
3712
3749
3755
3782
3814
3836
3935
3967
3975
3990
4049
4112
4145
4166
4194
4266
4284
4329
4364
4369
4515
4534
4610
4720
4725
4729
4833
4834
4859
4981
4982
4997
5011
5024
5084
5117
5118
5156
5239
5274
5338
5341
5386
5464
5472
5478
5501
5586
5656
5681
5696
5828
5854
5922
5946
5968
5969
6085
6142
6186
6315
6357
6607
6647
6735
6843
6958
7092
7111
7216
7252
7262
7350
7498
7545
7574
7607
7620
7719
7731
7995
8022
8025
8131
8185
8237
8276
8511
8521
8585
8674
8716
8791
8807
8829
8878
8971
8979
8981
9013
9035
9041
9052
9113
9142
9189
9366
9384
9392
9393
9408
9412
9416
9421
9441
9468
9512
9595
9646
9715
9745
9766
9772
9828
9845
9846
