58
141
149
217
240
274
286
300
331
359
382
431
474
483
527
545
728
835
887
891
903
905
982
992
1092
1101
1166
1303
1304
1322
1354
1379
1385
1503
1533
1604
1652
1656
1689
1698
1776
1848
1861
1868
2081
2153
2234
2285
2380
2649
2656
2680
2852
2938
3016
3032
3061
3110
3122
3164
3256
3279
3281
3378
3393
3429
3501
3504
3590
3601
3656
3804
3848
3886
3961
4151
4156
4211
4215
4217
4268
4348
4380
4394
4460
4649
4670
4679
4777
4925
5038
5107
5136
5165
5191
5194
5211
5284
5350
5359
5361
5408
5431
5489
5532
5571
5603
5629
5736
5899
5932
5998
6014
6046
6064
6082
6087
6090
6222
6330
6561
6664
6702
6710
6807
6987
7004
7036
7052
7095
7139
7151
7246
7255
7339
7380
7471
7485
7510
7515
7516
7537
7540
7617
7713
7894
7996
8008
8026
8029
8047
8180
8253
8263
8299
8319
8354
8379
8412
8438
8451
8483
8505
8565
8655
8706
8772
8814
8905
8943
8951
9029
9104
9169
9187
9190
9197
9217
9290
9302
9333
9362
9410
9429
9460
9519
9538
9549
9591
9610
9616
9622
9647
9718
9785
9790
9886
9887
9928
9982
