1
7
8
30
53
69
74
83
92
121
122
127
128
159
163
177
183
202
218
221
222
224
263
288
289
310
311
314
316
322
326
327
338
348
368
379
381
383
386
390
395
411
418
421
447
451
453
461
466
468
482
484
508
509
540
544
551
571
591
604
609
624
626
627
632
639
646
660
666
670
684
704
705
707
708
721
724
746
749
762
776
782
783
784
798
800
802
804
805
815
833
842
850
869
871
876
882
913
917
941
990
993
1013
1014
1015
1017
1028
1030
1050
1053
1059
1089
1091
1094
1124
1126
1128
1135
1144
1145
1147
1159
1160
1182
1208
1226
1243
1244
1245
1247
1273
1274
1287
1296
1306
1310
1320
1326
1338
1351
1356
1370
1371
1425
1432
1435
1455
1509
1512
1526
1532
1539
1549
1553
1558
1598
1615
1639
1659
1662
1664
1665
1676
1677
1679
1685
1688
1699
1701
1706
1714
1715
1758
1769
1779
1785
1800
1801
1817
1820
1821
1836
1860
1884
1911
1917
1919
1920
1929
1931
1932
1946
1949
1954
1957
1959
1960
1974
1977
2001
2012
2014
2033
2046
2063
2079
2089
2115
2134
2140
2176
2179
2183
2185
2200
2214
2224
2228
2233
2236
2237
2239
2243
2253
2256
2266
2267
2276
2277
2281
2283
2295
2320
2331
2332
2344
2356
2357
2361
2363
2376
2379
2390
2397
2408
2411
2412
2422
2424
2444
2447
2449
2452
2459
2460
2461
2469
2485
2502
2520
2521
2526
2527
2541
2542
2552
2566
2576
2589
2595
2608
2612
2634
2662
2667
2670
2686
2687
2696
2698
2707
2710
2712
2713
2730
2740
2747
2752
2765
2766
2767
2770
2784
2788
2789
2802
2805
2827
2828
2844
2845
2869
2870
2876
2891
2892
2893
2905
2907
2923
2930
2933
2944
2950
2954
2960
2972
2983
3008
3014
3020
3024
3068
3073
3081
3093
3100
3102
3103
3107
3115
3116
3135
3148
3163
3169
3172
3173
3177
3189
3190
3205
3216
3235
3244
3247
3257
3260
3262
3270
3272
3274
3278
3282
3288
3292
3293
3295
3303
3305
3313
3333
3342
3349
3362
3363
3367
3379
3389
3413
3417
3420
3449
3455
3474
3475
3483
3485
3490
3493
3495
3511
3521
3530
3541
3558
3572
3573
3580
3584
3602
3606
3627
3628
3633
3635
3655
3671
3678
3719
3753
3756
3766
3805
3827
3828
3838
3853
3866
3877
3881
3896
3898
3914
3922
3929
3944
3959
3968
3972
3999
4006
4007
4014
4027
4029
4039
4042
4062
4073
4093
4096
4099
4100
4101
4154
4188
4198
4223
4232
4246
4251
4270
4324
4343
4358
4362
4366
4372
4389
4397
4413
4421
4426
4429
4430
4438
4451
4458
4473
4479
4488
4504
4516
4519
4520
4528
4542
4545
4557
4564
4573
4625
4637
4654
4702
4703
4730
4736
4737
4738
4746
4750
4758
4759
4764
4770
4778
4779
4784
4789
4803
4807
4823
4825
4835
4867
4868
4874
4876
4888
4890
4894
4902
4939
4942
4954
4958
4972
4984
4988
4989
4992
5006
5028
5045
5049
5067
5090
5125
5127
5130
5147
5154
5163
5164
5166
5167
5168
5199
5208
5216
5224
5227
5245
5256
5277
5282
5286
5291
5305
5306
5308
5313
5320
5360
5367
5369
5400
5417
5432
5436
5441
5459
5491
5493
5503
5522
5526
5551
5564
5565
5570
5612
5617
5620
5621
5633
5646
5665
5680
5702
5728
5743
5751
5760
5762
5792
5795
5800
5805
5807
5808
5816
5830
5845
5853
5856
5858
5862
5872
5875
5924
5930
5936
5943
5952
5956
5982
5992
6000
6019
6074
6091
6094
6097
6100
6103
6108
6117
6119
6128
6159
6162
6164
6178
6181
6221
6228
6259
6267
6268
6283
6286
6290
6296
6298
6301
6352
6355
6371
6386
6391
6402
6415
6426
6430
6433
6435
6440
6454
6455
6457
6466
6488
6522
6530
6539
6544
6558
6565
6581
6592
6633
6639
6640
6646
6658
6682
6688
6707
6722
6740
6760
6761
6762
6763
6791
6803
6816
6834
6850
6857
6865
6897
6912
6913
6915
6917
6922
6925
6930
6937
6954
6964
6974
6975
6986
7009
7016
7029
7031
7038
7042
7076
7078
7083
7091
7093
7112
7136
7140
7142
7149
7159
7164
7170
7174
7176
7181
7187
7192
7193
7195
7231
7238
7243
7268
7279
7280
7286
7291
7303
7306
7311
7316
7326
7333
7335
7343
7362
7364
7381
7403
7410
7420
7436
7440
7455
7465
7478
7480
7501
7502
7505
7519
7521
7530
7533
7550
7559
7564
7573
7579
7596
7608
7636
7642
7653
7694
7695
7696
7708
7727
7737
7744
7745
7750
7757
7766
7784
7792
7816
7827
7837
7845
7853
7856
7858
7862
7870
7877
7885
7902
7909
7919
7921
7923
7926
7939
7981
7992
8000
8002
8010
8016
8037
8056
8060
8064
8066
8078
8090
8099
8113
8153
8160
8161
8169
8178
8189
8196
8213
8221
8226
8250
8256
8278
8279
8285
8302
8310
8331
8361
8365
8382
8391
8402
8405
8408
8413
8417
8419
8423
8439
8484
8487
8488
8496
8504
8513
8522
8538
8543
8552
8555
8556
8563
8566
8569
8571
8580
8586
8588
8592
8596
8600
8616
8627
8637
8639
8648
8653
8664
8670
8682
8689
8693
8699
8719
8729
8737
8754
8762
8764
8765
8766
8773
8790
8798
8803
8812
8838
8856
8859
8862
8865
8871
8873
8885
8898
8911
8915
8919
8964
8965
8966
8982
8986
8994
8996
9004
9022
9038
9043
9060
9069
9076
9077
9078
9100
9117
9120
9129
9132
9143
9164
9166
9178
9195
9198
9214
9216
9220
9235
9239
9241
9248
9250
9261
9275
9293
9306
9309
9348
9375
9387
9418
9422
9437
9456
9490
9495
9496
9501
9502
9503
9505
9511
9514
9522
9523
9530
9531
9558
9582
9586
9598
9629
9640
9643
9644
9651
9669
9670
9675
9677
9682
9689
9694
9697
9711
9738
9741
9760
9764
9779
9792
9797
9810
9824
9832
9837
9843
9851
9857
9861
9866
9889
9891
9912
9913
9939
9940
9965
9967
9968
9976
9990
9999
