26
60
106
117
118
164
223
272
291
309
318
356
373
394
430
452
462
495
516
553
562
588
622
730
732
837
858
940
1011
1024
1037
1049
1079
1230
1246
1388
1419
1420
1443
1511
1540
1640
1647
1724
1739
1754
1832
1899
1975
2178
2184
2225
2391
2401
2503
2539
2561
2568
2587
2690
2692
2761
2814
2857
3001
3092
3229
3261
3391
3460
3488
3518
3651
3704
3744
3781
3793
3829
3842
3880
3894
3904
4001
4072
4209
4248
4277
4292
4295
4347
4354
4370
4387
4439
4459
4513
4525
4535
4561
4615
4675
4715
4742
4744
4774
4838
4951
4959
5095
5139
5201
5221
5330
5371
5401
5430
5439
5481
5545
5641
5741
5852
5888
5941
5966
5986
6011
6168
6220
6252
6288
6362
6436
6485
6501
6612
6623
6649
6654
6771
6820
6898
6938
6956
6996
7021
7040
7153
7203
7244
7260
7310
7324
7336
7407
7434
7486
7610
7624
7632
7703
7754
7767
7789
7875
7900
8220
8241
8261
8422
8435
8485
8501
8599
8685
8720
8813
8848
8938
8963
9061
9101
9179
9221
9228
9263
9301
9472
9487
9516
9539
9560
9562
9654
9743
9793
9849
9884
9903
9918
