2
34
138
176
201
305
351
396
480
552
602
617
628
635
650
750
845
847
848
855
925
951
964
987
997
1029
1057
1127
1222
1367
1400
1406
1454
1505
1508
1541
1658
1731
1734
1742
1760
1775
1777
1834
1898
1994
2029
2038
2107
2168
2261
2287
2298
2306
2312
2381
2417
2448
2528
2536
2548
2661
2669
2724
2748
2775
2823
2842
2903
2914
3070
3106
3113
3339
3414
3551
3586
3631
3636
3657
3697
3776
3841
3873
3897
3916
4053
4085
4097
4152
4162
4172
4199
4226
4240
4359
4379
4589
4699
4749
4762
4790
4968
4978
5041
5098
5122
5132
5157
5280
5298
5385
5524
5630
5763
5915
6023
6037
6086
6150
6153
6219
6248
6281
6343
6417
6471
6487
6512
6517
6529
6532
6567
6575
6606
6650
6701
6706
6715
6798
6819
6881
6985
7119
7214
7264
7322
7406
7416
7426
7435
7524
7568
7623
7651
7714
7758
7765
7797
7818
7960
7962
7969
7972
8057
8150
8389
8390
8535
8564
8582
8593
8609
8676
8750
8810
8869
8939
8946
8978
8983
9046
9123
9188
9203
9394
9445
9464
9500
9639
9642
9688
9712
9720
9729
9746
9915
9927
9987
9997
