23
85
114
120
144
295
319
321
408
442
574
582
596
616
690
714
786
813
819
857
888
922
973
1000
1141
1161
1248
1364
1366
1482
1520
1587
1755
1823
1869
1908
1909
1926
1939
1941
1980
1990
2027
2045
2118
2180
2192
2362
2419
2436
2551
2578
2586
2596
2699
2727
2796
2830
2976
2984
3005
3056
3109
3180
3297
3299
3390
3411
3453
3549
3550
3561
3608
3654
3658
3690
3890
3966
3984
4019
4026
4044
4092
4469
4483
4505
4553
4672
4680
4802
4804
4805
4810
4841
4854
4892
4917
4999
5063
5086
5088
5175
5193
5278
5295
5331
5397
5454
5502
5511
5658
5721
5791
5806
5826
5837
5914
5987
6044
6088
6102
6133
6200
6218
6251
6284
6395
6425
6467
6486
6545
6547
6551
6585
6661
6680
6685
6768
6804
6883
6976
6980
7085
7135
7184
7218
7259
7274
7288
7442
7469
7604
7622
7746
7795
7804
7868
7883
8027
8109
8129
8176
8193
8211
8267
8309
8324
8396
8497
8559
8636
8671
8705
8736
8752
8756
8781
8817
8902
8992
8995
9083
9125
9185
9246
9272
9325
9399
9444
9499
9535
9556
9593
9615
9690
9722
9809
9938
9964
9981
