13
38
45
90
100
111
344
407
412
415
444
500
533
535
664
679
726
832
864
868
927
945
991
1080
1129
1143
1175
1187
1193
1236
1250
1255
1378
1436
1448
1470
1593
1613
1645
1653
1790
1874
1930
1936
1937
1948
1951
1956
1995
2018
2061
2066
2067
2269
2309
2323
2330
2350
2389
2451
2497
2506
2546
2563
2636
2711
2716
2746
2815
2846
2865
2912
2918
2967
3004
3034
3040
3045
3118
3319
3419
3568
3600
3632
3734
3806
3872
3921
3958
4119
4121
4179
4186
4228
4274
4318
4386
4507
4651
4808
4811
4815
4884
5007
5072
5135
5158
5190
5229
5237
5271
5346
5357
5419
5421
5498
5508
5569
5590
5642
5775
5787
5802
5927
5975
5979
6125
6151
6242
6269
6348
6503
6504
6523
6548
6599
6611
6635
6708
6774
6838
6863
6890
6893
6936
7008
7150
7293
7318
7413
7458
7484
7526
7575
7577
7612
7639
7672
7729
7739
7779
7861
7863
8052
8086
8088
8105
8136
8152
8172
8295
8298
8338
8363
8376
8407
8473
8479
8683
8831
8931
9134
9150
9323
9330
9346
9353
9547
9599
9614
9635
9724
9763
9773
9833
9856
9937
9963
9973
9995
