50
75
108
137
150
231
246
324
342
413
448
464
519
579
741
745
787
881
899
1027
1035
1048
1070
1076
1110
1191
1218
1342
1349
1416
1474
1507
1510
1602
1650
1680
1702
1703
1704
1805
1852
2091
2098
2284
2296
2560
2590
2631
2652
2677
2733
2797
2819
2952
2979
3028
3044
3051
3085
3241
3356
3510
3539
3567
3638
3687
3691
3693
3729
3743
3747
3899
3901
3911
3953
4037
4038
4125
4157
4177
4185
4252
4392
4447
4480
4641
4650
4677
4837
4871
4911
4913
4933
4934
4937
4962
5057
5212
5382
5484
5538
5575
5578
5584
5601
5636
5657
5685
5718
5916
5938
5970
6002
6016
6025
6036
6055
6072
6129
6211
6215
6260
6278
6367
6427
6441
6481
6498
6528
6537
6590
6668
6692
6695
6749
6758
6822
6827
6856
6916
6972
7055
7056
7137
7205
7213
7276
7278
7355
7373
7428
7432
7511
7514
7539
7572
7626
7640
7644
7711
7835
7906
7912
8046
8100
8124
8212
8260
8275
8277
8307
8344
8369
8401
8406
8629
8643
8757
8792
8847
8884
8922
9092
9223
9244
9282
9283
9292
9308
9316
9341
9438
9513
9544
9551
9567
9680
9762
9924
9944
