207
213
261
335
365
534
613
657
676
677
685
716
719
722
736
765
794
808
828
836
866
969
1020
1038
1061
1165
1323
1332
1391
1409
1412
1427
1434
1458
1478
1534
1608
1644
1710
1791
1902
1938
2032
2069
2075
2132
2142
2163
2173
2212
2271
2278
2301
2395
2455
2498
2524
2525
2562
2683
2688
2728
2791
2794
2809
2854
2920
2926
2931
3009
3052
3079
3086
3143
3162
3192
3209
3230
3310
3384
3433
3513
3527
3534
3535
3555
3566
3717
3784
3882
3938
4041
4109
4207
4260
4307
4335
4356
4443
4465
4490
4591
4621
4689
4791
4879
5039
5043
5149
5182
5185
5333
5392
5393
5414
5447
5709
5738
5767
5770
5812
6161
6212
6230
6342
6459
6669
6674
6681
6777
6895
6919
6932
7013
7041
7050
7102
7103
7173
7265
7304
7313
7386
7488
7506
7669
7673
7677
7824
7916
7961
7974
7983
7988
8019
8049
8053
8059
8080
8108
8142
8166
8284
8323
8337
8362
8372
8529
8536
8541
8635
8661
8665
8679
8730
8842
8843
8874
8918
8993
9008
9096
9133
9146
9319
9335
9370
9470
9482
9564
9668
9685
9693
9703
9827
9859
9867
9875
9895
9951
