15
26
32
41
52
54
56
60
72
106
117
118
126
146
153
155
164
184
205
223
232
237
241
257
267
272
280
291
294
299
304
307
309
318
329
349
356
357
373
380
393
394
400
404
425
430
434
435
452
454
455
462
472
477
495
507
516
517
521
532
537
553
557
560
562
578
586
588
593
622
629
669
689
709
730
732
788
814
820
826
837
858
940
944
955
957
959
960
971
972
986
1011
1018
1022
1024
1031
1037
1039
1040
1046
1049
1051
1052
1065
1079
1095
1099
1102
1105
1107
1109
1130
1146
1185
1199
1200
1204
1212
1219
1221
1230
1246
1253
1257
1259
1264
1280
1286
1299
1308
1318
1321
1324
1333
1346
1355
1388
1403
1404
1419
1420
1443
1471
1477
1480
1499
1506
1511
1523
1537
1540
1580
1589
1596
1627
1640
1646
1647
1657
1660
1667
1668
1683
1692
1696
1723
1724
1726
1728
1739
1746
1754
1784
1795
1797
1808
1832
1841
1850
1866
1878
1894
1897
1899
1922
1925
1966
1971
1975
1986
1999
2004
2017
2026
2040
2055
2065
2093
2094
2099
2114
2126
2128
2138
2144
2148
2149
2151
2155
2159
2160
2171
2178
2184
2190
2204
2225
2255
2260
2290
2302
2304
2317
2318
2334
2371
2387
2391
2393
2401
2421
2423
2433
2435
2438
2443
2462
2465
2503
2516
2529
2531
2534
2539
2555
2561
2568
2577
2581
2587
2633
2640
2676
2690
2691
2692
2697
2703
2704
2708
2731
2760
2761
2780
2806
2814
2816
2857
2867
2877
2882
2887
2889
2908
2961
2985
2993
3001
3006
3023
3039
3053
3063
3077
3078
3092
3099
3123
3149
3160
3186
3191
3193
3223
3227
3229
3232
3237
3238
3245
3261
3275
3285
3286
3300
3304
3321
3324
3328
3332
3355
3357
3359
3364
3365
3374
3381
3391
3398
3416
3428
3439
3443
3446
3457
3460
3464
3488
3494
3503
3505
3518
3531
3554
3575
3609
3617
3637
3639
3641
3644
3651
3670
3675
3679
3685
3686
3688
3694
3704
3708
3744
3751
3752
3770
3781
3786
3787
3793
3807
3829
3835
3837
3842
3849
3875
3878
3879
3880
3894
3900
3904
3919
3928
3931
3934
3991
3994
4001
4005
4012
4013
4018
4024
4046
4072
4080
4088
4108
4133
4136
4143
4147
4150
4173
4175
4209
4210
4220
4248
4271
4277
4292
4295
4296
4303
4327
4340
4347
4352
4354
4370
4377
4387
4417
4433
4439
4449
4459
4463
4496
4511
4513
4523
4525
4527
4535
4539
4543
4551
4561
4568
4599
4605
4612
4615
4629
4633
4638
4639
4642
4666
4675
4705
4713
4714
4715
4717
4740
4742
4744
4745
4760
4761
4774
4838
4839
4845
4864
4869
4877
4903
4919
4920
4921
4922
4951
4953
4957
4959
4960
4961
4963
4980
4986
4990
5003
5005
5013
5042
5044
5073
5089
5091
5095
5099
5106
5108
5114
5139
5169
5184
5198
5201
5209
5215
5219
5221
5223
5238
5242
5273
5302
5303
5315
5325
5327
5330
5343
5348
5370
5371
5399
5401
5402
5407
5413
5430
5439
5443
5445
5446
5481
5497
5529
5536
5545
5567
5573
5581
5585
5588
5594
5598
5626
5641
5650
5652
5660
5663
5674
5675
5690
5691
5704
5727
5737
5741
5748
5753
5755
5756
5765
5768
5771
5773
5794
5814
5819
5821
5832
5842
5852
5855
5866
5871
5883
5886
5888
5890
5892
5918
5920
5933
5935
5941
5954
5964
5966
5967
5972
5981
5986
5990
5995
5999
6011
6018
6022
6034
6038
6061
6089
6096
6114
6135
6145
6155
6165
6166
6168
6172
6187
6188
6191
6199
6220
6231
6239
6252
6257
6275
6279
6282
6288
6289
6300
6308
6312
6313
6318
6320
6339
6358
6359
6362
6365
6380
6389
6392
6404
6413
6418
6421
6423
6429
6434
6436
6443
6468
6473
6474
6476
6485
6491
6492
6493
6499
6501
6505
6546
6586
6591
6601
6612
6623
6649
6652
6654
6655
6659
6675
6684
6699
6709
6712
6723
6757
6766
6771
6772
6784
6787
6812
6815
6820
6835
6842
6847
6848
6851
6852
6858
6864
6879
6898
6899
6903
6938
6949
6956
6982
6990
6996
7005
7010
7021
7035
7040
7043
7044
7045
7059
7074
7081
7094
7113
7125
7126
7129
7141
7144
7153
7154
7158
7179
7194
7201
7203
7210
7221
7230
7239
7244
7249
7260
7267
7271
7285
7290
7295
7310
7315
7324
7336
7368
7377
7378
7392
7407
7417
7424
7434
7441
7459
7464
7467
7468
7473
7486
7492
7493
7512
7525
7561
7576
7580
7585
7593
7599
7602
7610
7611
7619
7624
7632
7646
7650
7660
7662
7679
7703
7709
7734
7741
7754
7767
7769
7789
7801
7814
7819
7832
7852
7875
7878
7886
7890
7895
7899
7900
7901
7913
7929
7937
7955
7984
7986
7998
8024
8032
8036
8039
8054
8092
8107
8119
8130
8132
8135
8147
8158
8179
8204
8207
8209
8215
8220
8238
8241
8246
8261
8266
8290
8291
8300
8303
8306
8308
8311
8315
8335
8336
8342
8347
8374
8392
8399
8415
8420
8422
8428
8434
8435
8448
8454
8478
8485
8492
8493
8501
8516
8526
8539
8550
8557
8558
8561
8574
8590
8599
8603
8613
8618
8626
8628
8642
8660
8663
8667
8677
8680
8685
8709
8720
8723
8794
8797
8800
8813
8815
8824
8839
8848
8866
8868
8903
8906
8916
8927
8928
8929
8933
8934
8938
8944
8950
8963
8970
8985
8988
8991
9020
9032
9040
9061
9067
9088
9101
9116
9121
9128
9139
9152
9153
9155
9179
9192
9206
9218
9221
9228
9258
9263
9278
9281
9288
9294
9297
9301
9314
9322
9332
9344
9345
9352
9360
9363
9364
9372
9385
9390
9406
9419
9435
9440
9453
9457
9458
9472
9476
9480
9487
9508
9515
9516
9518
9539
9552
9559
9560
9562
9570
9571
9578
9580
9594
9601
9611
9621
9623
9654
9686
9705
9707
9739
9743
9744
9767
9778
9783
9789
9793
9849
9852
9869
9873
9878
9884
9896
9902
9903
9906
9907
9918
9932
9948
9980
9986
9992
