20
43
103
161
169
182
275
387
392
409
423
589
597
606
667
772
879
937
963
1044
1066
1103
1113
1289
1290
1415
1446
1461
1467
1519
1566
1568
1612
1619
1655
1716
1762
1768
1818
1889
1915
1965
1978
1983
1996
1997
2042
2044
2097
2205
2206
2348
2375
2386
2406
2426
2470
2477
2507
2519
2705
2737
2781
2821
2826
2835
2840
2909
2922
2947
2981
2986
3047
3083
3124
3131
3147
3215
3233
3309
3351
3366
3470
3473
3489
3515
3585
3611
3672
3699
3707
3728
3800
3925
3970
4021
4070
4180
4203
4466
4660
4688
4776
4886
4950
4952
4956
4994
4998
5009
5051
5103
5172
5174
5179
5270
5344
5347
5354
5429
5544
5777
5815
5846
5874
5880
6043
6052
6122
6136
6285
6299
6345
6597
6602
6724
6748
6939
6942
6945
6970
7087
7115
7247
7269
7273
7282
7312
7363
7367
7374
7439
7563
7578
7601
7699
7707
7753
7768
7807
7833
7951
7957
7964
7979
8035
8139
8187
8230
8262
8332
8341
8357
8366
8383
8453
8458
8469
8482
8510
8549
8573
8688
8749
8826
8886
8990
9017
9082
9124
9204
9222
9331
9577
9737
9759
9765
9806
9821
9829
