28
39
59
62
63
98
101
158
165
186
215
230
235
236
238
242
250
251
255
256
260
264
270
277
293
320
340
350
363
376
377
398
410
416
426
427
428
432
449
458
463
481
487
510
515
522
531
543
546
549
565
584
587
590
592
614
619
620
634
655
681
683
703
717
729
731
735
737
740
747
748
756
777
831
839
841
874
880
897
921
938
939
943
947
962
978
984
1001
1002
1032
1041
1060
1082
1096
1119
1120
1121
1125
1134
1148
1163
1174
1214
1215
1216
1235
1240
1241
1249
1254
1261
1268
1271
1283
1291
1297
1301
1313
1327
1335
1340
1343
1365
1368
1376
1386
1390
1413
1423
1433
1451
1460
1462
1484
1485
1489
1490
1525
1543
1544
1552
1562
1564
1567
1575
1581
1585
1599
1600
1670
1671
1682
1694
1708
1721
1727
1743
1748
1753
1757
1763
1774
1783
1793
1796
1806
1835
1854
1876
1877
1886
1913
1916
1953
1958
1991
1993
1998
2003
2021
2031
2087
2092
2110
2113
2119
2121
2133
2137
2150
2162
2175
2182
2209
2220
2244
2259
2268
2270
2274
2310
2313
2322
2324
2333
2335
2336
2337
2345
2349
2351
2353
2354
2358
2367
2428
2429
2432
2468
2471
2479
2484
2494
2501
2509
2512
2518
2535
2538
2543
2557
2571
2601
2602
2611
2617
2619
2635
2638
2642
2659
2674
2675
2682
2684
2689
2695
2709
2721
2741
2749
2762
2772
2790
2800
2811
2818
2843
2847
2860
2871
2880
2883
2895
2901
2910
2932
2953
2956
2970
2990
2992
3002
3007
3025
3027
3036
3048
3050
3054
3057
3062
3082
3094
3130
3136
3137
3145
3146
3154
3158
3166
3174
3181
3195
3196
3199
3202
3204
3213
3219
3225
3239
3252
3263
3264
3271
3277
3280
3302
3307
3318
3337
3340
3343
3346
3361
3370
3372
3373
3382
3396
3403
3408
3409
3410
3426
3445
3447
3451
3452
3459
3469
3471
3479
3486
3492
3496
3523
3532
3540
3542
3552
3557
3577
3581
3596
3646
3660
3667
3701
3718
3723
3733
3750
3773
3777
3785
3791
3796
3798
3808
3859
3860
3865
3895
3906
3910
3924
3926
3943
3947
3952
3955
3974
3978
3995
4004
4010
4022
4040
4050
4055
4064
4076
4082
4084
4087
4091
4103
4106
4113
4123
4124
4126
4127
4129
4132
4135
4138
4144
4158
4167
4176
4181
4206
4212
4222
4225
4231
4237
4238
4243
4244
4245
4253
4254
4261
4273
4279
4280
4282
4289
4299
4302
4312
4321
4322
4331
4333
4349
4357
4360
4375
4381
4382
4384
4390
4393
4419
4422
4431
4445
4462
4491
4497
4501
4514
4517
4518
4563
4567
4577
4593
4594
4606
4622
4631
4643
4656
4668
4669
4671
4684
4700
4724
4732
4753
4795
4799
4800
4812
4830
4851
4852
4855
4857
4860
4866
4883
4891
4929
4948
4955
4967
4995
4996
5002
5004
5034
5047
5064
5075
5085
5124
5133
5144
5146
5159
5177
5178
5181
5187
5204
5213
5220
5226
5231
5240
5243
5268
5281
5290
5292
5293
5301
5316
5328
5335
5366
5375
5377
5383
5384
5387
5409
5424
5427
5435
5437
5438
5458
5462
5466
5477
5479
5480
5485
5494
5499
5504
5512
5515
5518
5519
5520
5523
5535
5540
5541
5548
5566
5572
5593
5599
5600
5610
5631
5632
5634
5637
5640
5655
5659
5667
5669
5684
5686
5699
5705
5710
5740
5744
5769
5772
5774
5781
5810
5811
5818
5820
5823
5834
5861
5864
5867
5869
5878
5884
5929
5977
6005
6012
6015
6024
6041
6042
6045
6068
6076
6078
6081
6083
6093
6095
6101
6105
6107
6138
6144
6174
6176
6201
6208
6213
6227
6229
6233
6237
6238
6240
6244
6250
6255
6258
6262
6270
6295
6304
6314
6351
6363
6369
6377
6384
6388
6396
6408
6414
6444
6452
6469
6477
6478
6482
6508
6510
6527
6552
6566
6577
6596
6613
6624
6629
6638
6663
6665
6672
6673
6678
6696
6697
6713
6718
6730
6742
6752
6770
6780
6792
6800
6805
6821
6832
6833
6840
6841
6849
6859
6861
6862
6874
6876
6892
6906
6911
6921
6927
6928
6943
6951
6959
6965
6978
6988
7003
7011
7026
7033
7034
7064
7084
7088
7104
7105
7117
7145
7168
7171
7177
7180
7190
7227
7228
7237
7250
7251
7302
7307
7334
7338
7342
7345
7358
7366
7379
7393
7395
7399
7400
7405
7408
7418
7447
7449
7453
7472
7481
7513
7520
7522
7555
7557
7570
7586
7591
7597
7598
7615
7621
7635
7641
7645
7649
7654
7663
7668
7670
7671
7676
7688
7689
7700
7706
7710
7771
7774
7775
7788
7790
7799
7800
7813
7826
7834
7844
7850
7864
7869
7873
7882
7898
7905
7907
7914
7918
7938
7959
7977
8004
8005
8030
8038
8042
8045
8065
8104
8121
8133
8140
8145
8154
8156
8159
8168
8174
8183
8195
8203
8210
8218
8228
8231
8232
8234
8236
8240
8242
8245
8269
8296
8318
8321
8326
8352
8358
8395
8447
8450
8457
8459
8464
8466
8471
8472
8477
8486
8491
8495
8508
8509
8514
8518
8533
8537
8542
8545
8547
8554
8575
8579
8581
8583
8589
8594
8605
8607
8608
8621
8622
8631
8645
8657
8666
8675
8678
8681
8684
8686
8687
8690
8701
8713
8724
8726
8745
8753
8755
8767
8771
8779
8796
8801
8809
8830
8867
8872
8875
8876
8877
8892
8894
8895
8901
8914
8921
8924
8932
8960
8967
9002
9003
9028
9036
9053
9054
9064
9071
9081
9089
9103
9108
9130
9131
9147
9158
9177
9180
9183
9191
9200
9201
9207
9208
9227
9230
9233
9236
9251
9254
9270
9279
9280
9289
9296
9339
9340
9343
9359
9386
9391
9395
9401
9407
9413
9415
9439
9446
9451
9455
9467
9473
9477
9483
9489
9509
9510
9533
9537
9543
9561
9576
9596
9605
9606
9625
9627
9641
9648
9650
9676
9696
9698
9709
9710
9730
9732
9751
9753
9768
9769
9796
9811
9814
9820
9826
9840
9848
9855
9879
9893
9911
9934
9953
9956
9958
9960
9979
9985
