19
51
57
132
152
179
190
239
268
328
378
385
440
485
569
671
682
686
821
877
916
942
1078
1138
1171
1186
1189
1265
1267
1316
1350
1410
1426
1528
1586
1607
1610
1686
1687
1780
1918
1921
1976
1987
2005
2116
2198
2291
2369
2370
2437
2441
2442
2513
2550
2588
2630
2655
2720
2763
2837
2853
2879
2980
3031
3129
3187
3203
3220
3221
3377
3579
3603
3605
3653
3727
3738
3783
3813
3839
3869
3884
3887
3920
3998
4008
4045
4077
4205
4214
4233
4398
4510
4546
4554
4558
4655
4685
4711
4748
4780
4849
4850
4858
4930
4936
5059
5062
5126
5173
5269
5396
5398
5553
5562
5648
5678
5692
5695
5725
5730
5993
6033
6057
6207
6332
6393
6449
6540
6617
6657
6698
6728
6747
6759
6778
6860
6875
6989
6992
7075
7152
7157
7172
7277
7344
7348
7444
7448
7495
7496
7497
7541
7616
7647
7715
7811
7880
7896
7903
7925
7933
7993
7994
8076
8138
8186
8314
8340
8367
8381
8530
8611
8630
8827
8835
9011
9097
9106
9114
9126
9154
9253
9303
9383
9414
9424
9581
9613
9672
9702
9735
9740
9758
9802
9823
9901
9925
9952
9971
