64
109
134
162
188
193
195
197
229
262
287
341
542
661
711
793
867
892
985
1104
1181
1197
1211
1239
1266
1345
1369
1447
1453
1457
1468
1643
1729
1782
1788
1803
1863
1864
1907
1952
2008
2077
2201
2235
2316
2338
2339
2377
2496
2613
2717
2829
2927
3049
3060
3182
3210
3243
3284
3296
3331
3476
3563
3612
3663
3711
3731
3765
3817
3864
3868
3948
3962
4011
4155
4161
4163
4178
4241
4250
4257
4311
4368
4388
4432
4446
4471
4597
4602
4619
4620
4663
4678
4731
4733
4735
4766
4767
4893
4923
5010
5027
5080
5112
5336
5434
5440
5457
5470
5509
5615
5623
5635
5638
5688
5697
5717
5857
5900
5901
5962
5963
6001
6028
6110
6139
6234
6293
6376
6397
6463
6518
6519
6525
6587
6588
6608
6619
6733
6973
7015
7018
7019
7054
7063
7178
7189
7211
7224
7229
7289
7404
7482
7531
7549
7609
7664
7736
7798
7825
7851
7888
7908
7952
8061
8292
8293
8370
8421
8452
8468
8523
8576
8578
8708
8799
8811
8822
8837
9034
9057
9062
9084
9090
9098
9122
9151
9162
9271
9285
9342
9475
9486
9607
9638
9731
9777
9850
9920
9972
