13
22
33
38
45
58
76
78
87
89
90
97
100
111
116
131
136
141
143
149
171
192
194
198
208
214
217
234
240
243
244
259
266
274
286
298
300
331
337
344
346
359
371
374
382
403
406
407
412
415
422
431
441
444
450
469
474
483
494
500
505
527
530
533
535
538
541
545
554
594
610
636
638
651
662
664
674
679
687
726
727
728
752
779
799
801
811
832
835
851
864
865
868
884
887
889
891
903
905
912
927
936
945
952
982
989
991
992
994
1042
1069
1080
1083
1084
1092
1101
1129
1140
1143
1152
1166
1167
1175
1187
1193
1202
1213
1228
1236
1250
1255
1276
1282
1293
1303
1304
1305
1322
1341
1354
1375
1378
1379
1381
1385
1392
1396
1397
1399
1429
1430
1436
1437
1439
1442
1448
1456
1465
1469
1470
1486
1496
1501
1503
1516
1529
1533
1542
1551
1563
1572
1576
1592
1593
1604
1611
1613
1624
1625
1628
1641
1645
1652
1653
1654
1656
1674
1678
1689
1698
1735
1736
1759
1776
1781
1789
1790
1810
1812
1837
1840
1848
1851
1861
1868
1873
1874
1875
1881
1883
1892
1896
1905
1910
1924
1930
1936
1937
1948
1951
1956
1967
1969
1995
2002
2018
2022
2054
2057
2061
2066
2067
2081
2104
2106
2109
2122
2139
2153
2208
2210
2213
2234
2246
2262
2269
2272
2285
2292
2300
2307
2309
2315
2323
2330
2340
2350
2355
2380
2382
2389
2398
2425
2427
2451
2457
2464
2467
2473
2487
2497
2505
2506
2511
2533
2546
2553
2554
2558
2559
2563
2567
2605
2607
2616
2636
2649
2650
2653
2656
2671
2673
2680
2694
2711
2714
2716
2725
2734
2739
2744
2746
2756
2769
2782
2787
2793
2810
2815
2825
2846
2851
2852
2858
2865
2900
2912
2913
2915
2917
2918
2935
2937
2938
2967
2973
2995
2996
2997
2999
3004
3016
3019
3032
3034
3040
3041
3045
3055
3059
3061
3074
3090
3110
3118
3120
3122
3139
3150
3164
3170
3179
3197
3211
3214
3256
3279
3281
3290
3316
3319
3325
3354
3378
3393
3394
3402
3419
3423
3429
3438
3478
3501
3504
3520
3547
3548
3568
3570
3588
3590
3591
3592
3600
3601
3616
3622
3629
3632
3656
3661
3666
3680
3703
3734
3761
3762
3768
3794
3804
3806
3809
3843
3848
3872
3886
3888
3915
3921
3958
3961
3988
3989
4015
4030
4032
4052
4054
4056
4057
4065
4068
4071
4104
4111
4116
4119
4121
4140
4142
4146
4151
4156
4159
4170
4174
4179
4186
4189
4211
4215
4217
4224
4228
4268
4274
4281
4283
4315
4318
4323
4348
4361
4380
4386
4391
4394
4401
4408
4412
4416
4423
4425
4460
4464
4492
4507
4538
4541
4555
4566
4571
4572
4574
4587
4592
4604
4613
4645
4647
4649
4651
4670
4679
4690
4691
4710
4734
4741
4777
4797
4808
4811
4814
4815
4843
4861
4884
4900
4904
4905
4908
4925
4932
4969
4976
4983
5001
5007
5018
5038
5072
5082
5096
5100
5107
5111
5116
5121
5129
5131
5135
5136
5151
5155
5158
5165
5176
5189
5190
5191
5194
5211
5229
5237
5258
5259
5266
5271
5284
5300
5307
5346
5350
5357
5359
5361
5364
5395
5408
5410
5419
5421
5428
5431
5450
5451
5456
5460
5473
5488
5489
5498
5508
5525
5532
5534
5543
5547
5550
5554
5556
5569
5571
5587
5590
5602
5603
5611
5629
5642
5644
5664
5672
5676
5700
5723
5736
5749
5757
5758
5775
5787
5789
5798
5802
5813
5817
5836
5840
5859
5863
5865
5877
5887
5893
5899
5906
5912
5927
5932
5948
5960
5961
5975
5979
5988
5996
5998
6006
6008
6009
6014
6032
6046
6064
6079
6082
6087
6090
6118
6125
6151
6154
6170
6189
6214
6217
6222
6223
6232
6235
6242
6266
6269
6273
6305
6311
6319
6321
6330
6336
6348
6361
6382
6399
6401
6406
6409
6422
6451
6453
6480
6494
6497
6503
6504
6514
6520
6523
6541
6548
6561
6571
6593
6599
6611
6626
6634
6635
6656
6664
6702
6708
6710
6720
6734
6738
6744
6746
6774
6781
6790
6794
6807
6810
6838
6863
6871
6872
6887
6890
6893
6918
6926
6936
6946
6957
6968
6987
7001
7002
7004
7008
7028
7036
7052
7095
7098
7139
7150
7151
7175
7182
7198
7204
7208
7209
7234
7236
7246
7254
7255
7283
7287
7293
7297
7299
7318
7321
7337
7339
7351
7354
7375
7380
7398
7402
7413
7419
7423
7457
7458
7460
7461
7462
7471
7479
7484
7485
7504
7509
7510
7515
7516
7526
7537
7540
7548
7552
7575
7577
7584
7587
7588
7612
7613
7617
7629
7634
7639
7643
7657
7672
7713
7724
7729
7730
7739
7748
7776
7779
7780
7794
7796
7808
7854
7861
7863
7881
7892
7894
7930
7934
7956
7980
7982
7990
7996
8006
8008
8017
8020
8026
8028
8029
8047
8048
8052
8069
8070
8086
8088
8098
8105
8122
8136
8152
8155
8157
8172
8180
8182
8190
8194
8239
8251
8253
8263
8264
8271
8295
8297
8298
8299
8319
8320
8338
8354
8363
8376
8378
8379
8407
8409
8412
8438
8451
8470
8473
8479
8481
8483
8505
8531
8565
8572
8584
8614
8619
8620
8638
8641
8644
8651
8655
8658
8683
8706
8728
8732
8772
8785
8786
8814
8825
8831
8844
8846
8858
8863
8864
8891
8905
8909
8931
8935
8943
8951
8959
8975
9014
9025
9029
9056
9059
9065
9079
9093
9104
9111
9134
9150
9169
9172
9176
9187
9190
9197
9211
9217
9240
9252
9276
9284
9287
9290
9298
9302
9304
9311
9323
9326
9330
9333
9336
9346
9353
9358
9361
9362
9380
9396
9410
9429
9452
9460
9462
9465
9519
9538
9546
9547
9549
9563
9585
9587
9588
9591
9599
9608
9610
9614
9616
9622
9633
9635
9636
9647
9652
9700
9718
9724
9749
9763
9773
9785
9790
9833
9835
9838
9844
9856
9868
9877
9886
9887
9923
9928
9933
9936
9937
9959
9963
9966
9970
9973
9975
9982
9995
