157
170
178
269
297
317
353
438
486
491
501
504
523
567
568
630
654
744
753
758
844
862
885
980
1004
1075
1172
1288
1292
1357
1417
1476
1515
1517
1531
1606
1634
1691
1722
1989
2056
2108
2123
2125
2450
2466
2522
2569
2583
2604
2651
2672
2722
2743
2774
2778
2808
2831
2848
2849
2850
2861
2934
2998
3071
3087
3097
3226
3234
3240
3291
3385
3387
3399
3415
3467
3498
3499
3578
3626
3652
3674
3689
3721
3741
3763
3803
3902
3933
4028
4034
4058
4139
4171
4202
4242
4247
4249
4351
4402
4441
4487
4570
4583
4719
4726
4739
4794
4819
4856
4907
4927
4965
4973
5061
5113
5207
5230
5304
5314
5405
5418
5513
5530
5580
5784
5785
5788
5829
5835
5895
5931
5958
6049
6121
6158
6205
6249
6432
6446
6569
6691
6700
6717
6769
6776
6788
6808
6828
6830
6870
6901
6947
7365
7387
7543
7565
7582
7738
7971
8015
8101
8216
8312
8418
8532
8710
8721
8777
8780
8821
8832
8834
8861
8896
8962
8987
9080
9212
9219
9234
9321
9354
9448
9488
9553
9604
9609
9701
9721
9795
9799
9830
9831
9863
9881
9888
9894
9931
9943
