24
71
88
123
228
334
389
446
561
637
702
715
723
739
751
775
829
920
931
949
953
998
1033
1112
1153
1169
1170
1201
1224
1277
1479
1502
1574
1577
1582
1594
1616
1666
1707
1732
1870
1904
1912
1927
1935
1943
1964
1979
2187
2265
2308
2325
2410
2434
2486
2490
2547
2600
2644
2648
2658
2771
2776
2885
2886
2962
3029
3075
3080
3207
3298
3334
3380
3395
3407
3427
3500
3625
3640
3724
3779
3845
3847
3905
3936
3940
3977
4043
4051
4131
4314
4385
4404
4493
4532
4552
4596
4683
4697
4708
4769
4832
4931
4940
4975
5026
5079
5092
5097
5134
5153
5234
5241
5317
5321
5426
5471
5516
5557
5687
5703
5732
5786
5793
5797
5827
5841
5937
5939
5997
6152
6184
6225
6326
6331
6370
6390
6398
6420
6458
6500
6609
6618
6632
6641
6666
6783
6818
6823
7006
7051
7079
7097
7122
7124
7199
7327
7483
7600
7631
7692
7740
7830
7841
7857
7867
7872
7876
8011
8074
8077
8083
8102
8134
8214
8287
8329
8577
8602
8731
8880
8883
8998
9047
9094
9171
9318
9347
9373
9481
9484
9579
9631
9728
9771
9854
9864
9897
9919
9947
