21
55
94
145
148
160
210
313
339
459
460
498
558
810
812
915
1003
1007
1055
1071
1300
1339
1481
1556
1573
1584
1649
1752
1766
1879
1934
1982
2007
2053
2078
2082
2135
2164
2169
2252
2286
2352
2407
2657
2742
2753
2783
2803
2856
2963
2991
3043
3046
3084
3104
3133
3144
3183
3228
3269
3311
3320
3405
3425
3441
3546
3574
3695
3713
3801
3907
3983
3996
4059
4069
4081
4187
4267
4293
4298
4316
4325
4337
4409
4454
4646
4676
4698
4768
4809
4844
4865
4875
4897
4898
4974
4979
5023
5040
5074
5081
5152
5192
5222
5342
5411
5496
5654
5670
5679
5708
5882
5905
6004
6020
6029
6035
6147
6182
6287
6307
6341
6412
6511
6605
6739
6779
6855
6886
6923
6991
6993
6998
7000
7032
7090
7101
7186
7241
7369
7489
7630
7652
7667
7720
7733
7793
7836
7941
7958
7966
7968
7970
8040
8093
8143
8235
8268
8282
8286
8305
8343
8351
8443
8462
8553
8692
8700
8733
8740
8743
8845
8947
8953
9024
9031
9070
9205
9260
9320
9403
9430
9434
9447
9463
9566
9589
9679
9687
9726
9748
9756
9761
9800
9807
9890
9916
9930
9941
9957
