16
107
115
166
212
233
271
290
292
369
370
476
490
514
575
625
649
688
692
710
778
849
856
948
1275
1314
1315
1373
1377
1387
1473
1492
1565
1623
1632
1635
1705
1720
1749
1756
1770
1857
1890
2052
2136
2147
2189
2191
2215
2299
2329
2404
2504
2514
2544
2598
2622
2668
2754
2758
2798
2836
2896
2916
3037
3112
3125
3127
3201
3242
3330
3344
3386
3401
3458
3497
3526
3621
3623
3645
3821
3822
3965
3973
4183
4184
4227
4230
4264
4301
4305
4371
4396
4415
4581
4595
4628
4632
4652
4706
4882
4910
4924
4987
5008
5123
5171
5203
5235
5260
5261
5262
5311
5356
5403
5463
5482
5618
5627
5801
6013
6026
6056
6065
6116
6171
6190
6204
6245
6297
6448
6460
6490
6570
6576
6648
6703
6839
6905
6994
7053
7089
7114
7329
7394
7396
7397
7433
7443
7606
7627
7675
7756
7783
7802
7838
7874
7965
8041
8085
8115
8165
8171
8252
8254
8257
8322
8328
8345
8404
8432
8455
8503
8525
8567
8597
8691
8806
8836
8854
8887
8897
8957
9016
9026
9137
9163
9226
9267
9337
9423
9541
9575
9583
9624
9657
9683
9727
9786
9822
