2
14
23
34
40
64
73
80
85
93
109
110
114
120
134
138
144
151
162
172
176
188
193
195
197
201
226
229
262
287
295
301
305
319
321
323
325
341
351
384
396
408
437
442
465
471
480
489
492
525
542
552
555
574
582
585
596
602
616
617
628
631
635
640
650
661
690
695
700
711
714
720
750
786
789
793
813
819
823
830
834
845
847
848
854
855
857
859
867
886
888
892
894
900
901
922
925
933
951
954
964
973
974
985
987
997
1000
1029
1057
1104
1127
1137
1141
1155
1161
1181
1197
1205
1211
1222
1239
1242
1248
1266
1279
1281
1285
1307
1331
1336
1345
1364
1366
1367
1369
1400
1402
1406
1421
1441
1447
1453
1454
1457
1466
1468
1482
1483
1491
1495
1505
1508
1520
1521
1541
1571
1583
1587
1631
1643
1651
1658
1690
1729
1731
1734
1742
1755
1760
1775
1777
1782
1788
1802
1803
1813
1823
1829
1834
1839
1842
1856
1863
1864
1869
1871
1898
1907
1908
1909
1926
1939
1941
1952
1980
1990
1994
2008
2023
2027
2029
2038
2045
2077
2107
2118
2141
2168
2172
2177
2180
2192
2201
2202
2218
2235
2241
2242
2261
2287
2293
2298
2306
2312
2316
2338
2339
2362
2377
2381
2413
2417
2419
2436
2448
2453
2463
2475
2489
2491
2496
2515
2517
2528
2536
2548
2551
2578
2586
2593
2596
2599
2613
2629
2660
2661
2669
2679
2699
2715
2717
2718
2724
2727
2738
2748
2775
2795
2796
2820
2823
2829
2830
2839
2842
2863
2875
2903
2904
2914
2927
2940
2964
2976
2984
2994
3005
3021
3026
3049
3056
3060
3070
3098
3106
3109
3113
3134
3161
3167
3168
3180
3182
3210
3231
3243
3250
3258
3268
3283
3284
3294
3296
3297
3299
3315
3331
3339
3345
3353
3368
3390
3400
3411
3412
3414
3422
3430
3437
3442
3453
3476
3507
3525
3536
3549
3550
3551
3561
3563
3582
3586
3589
3608
3612
3620
3631
3636
3643
3654
3657
3658
3662
3663
3664
3676
3690
3697
3709
3710
3711
3731
3765
3775
3776
3790
3799
3817
3833
3841
3864
3868
3873
3874
3883
3890
3897
3908
3909
3913
3916
3937
3941
3948
3962
3966
3979
3982
3984
3997
4003
4011
4016
4019
4025
4026
4044
4053
4061
4085
4092
4095
4097
4107
4148
4152
4155
4160
4161
4162
4163
4168
4172
4178
4193
4199
4226
4235
4240
4241
4250
4255
4257
4265
4272
4287
4300
4306
4310
4311
4326
4359
4368
4378
4379
4388
4432
4446
4450
4469
4471
4483
4503
4505
4529
4553
4559
4562
4585
4589
4597
4600
4602
4619
4620
4659
4663
4667
4672
4678
4680
4699
4731
4733
4735
4749
4756
4762
4763
4766
4767
4782
4790
4802
4804
4805
4810
4826
4836
4841
4842
4846
4847
4854
4892
4893
4917
4923
4926
4928
4968
4977
4978
4999
5010
5027
5033
5035
5041
5058
5063
5077
5080
5086
5087
5088
5098
5112
5122
5132
5157
5175
5193
5196
5206
5217
5228
5233
5244
5248
5255
5276
5278
5280
5295
5298
5319
5331
5336
5368
5374
5385
5390
5397
5406
5434
5440
5442
5449
5454
5457
5461
5470
5487
5490
5502
5509
5510
5511
5524
5533
5615
5623
5630
5635
5638
5647
5651
5658
5671
5688
5693
5697
5713
5716
5717
5721
5735
5752
5763
5791
5806
5826
5837
5838
5857
5889
5900
5901
5903
5904
5909
5914
5915
5962
5963
5987
5991
5994
6001
6023
6028
6030
6037
6044
6060
6063
6071
6084
6086
6088
6102
6106
6109
6110
6123
6133
6139
6150
6153
6175
6177
6183
6198
6200
6218
6219
6226
6234
6248
6251
6256
6274
6281
6284
6293
6310
6335
6343
6344
6373
6374
6376
6378
6387
6395
6397
6416
6417
6425
6463
6467
6471
6479
6484
6486
6487
6506
6507
6512
6513
6517
6518
6519
6525
6529
6532
6538
6543
6545
6547
6551
6553
6567
6572
6575
6585
6587
6588
6606
6608
6614
6619
6620
6628
6650
6660
6661
6680
6685
6701
6706
6711
6715
6719
6727
6733
6756
6768
6786
6789
6798
6804
6819
6853
6877
6881
6883
6884
6885
6902
6910
6914
6940
6941
6973
6976
6980
6984
6985
7015
7018
7019
7020
7039
7054
7062
7063
7085
7099
7100
7119
7130
7135
7146
7155
7165
7178
7183
7184
7185
7189
7202
7211
7214
7218
7223
7224
7229
7259
7264
7274
7275
7288
7289
7322
7349
7361
7388
7404
7406
7412
7416
7422
7426
7427
7429
7435
7442
7452
7469
7482
7524
7531
7532
7542
7549
7562
7568
7592
7604
7609
7622
7623
7651
7656
7658
7664
7682
7687
7714
7735
7736
7746
7758
7765
7795
7797
7798
7804
7818
7825
7831
7843
7851
7868
7879
7883
7888
7904
7908
7940
7945
7952
7960
7962
7963
7969
7972
7991
8027
8057
8061
8071
8109
8117
8118
8126
8129
8144
8150
8176
8192
8193
8208
8211
8243
8244
8267
8283
8288
8292
8293
8309
8324
8333
8334
8355
8360
8370
8377
8389
8390
8396
8398
8421
8452
8460
8468
8497
8502
8507
8512
8515
8523
8535
8544
8559
8564
8576
8578
8582
8593
8595
8601
8609
8623
8636
8649
8671
8673
8676
8697
8705
8708
8712
8734
8736
8738
8750
8752
8756
8760
8781
8787
8799
8810
8811
8817
8822
8837
8852
8857
8869
8902
8910
8939
8946
8978
8983
8992
8995
9021
9034
9046
9049
9055
9057
9058
9062
9083
9084
9090
9098
9112
9118
9119
9122
9123
9125
9151
9160
9162
9185
9188
9203
9213
9242
9246
9262
9271
9272
9277
9285
9324
9325
9329
9342
9394
9399
9417
9444
9445
9464
9475
9486
9493
9499
9500
9521
9526
9529
9532
9535
9540
9556
9593
9607
9615
9634
9637
9638
9639
9642
9645
9660
9681
9688
9690
9712
9714
9720
9722
9729
9731
9733
9746
9770
9777
9808
9809
9825
9850
9898
9904
9915
9920
9927
9938
9954
9964
9972
9974
9978
9981
9987
9989
9994
9997
9998
