5
6
31
35
154
168
265
278
496
499
511
556
564
580
725
785
806
896
898
1034
1047
1074
1229
1258
1298
1330
1445
1504
1522
1620
1719
1771
1825
1844
1846
1887
1955
1970
2028
2194
2216
2217
2250
2415
2556
2873
2911
2955
2977
3017
3105
3155
3156
3506
3509
3512
3544
3593
3624
3789
3797
3818
3861
3912
3918
3930
3945
3963
4031
4047
4089
4461
4470
4502
4548
4586
4590
4709
4712
4718
4787
4813
4966
4970
4993
5012
5015
5068
5076
5232
5251
5296
5310
5326
5329
5376
5465
5486
5552
5555
5560
5577
5745
5764
5780
5782
5822
5885
5944
5950
5953
6069
6104
6224
6254
6276
6277
6334
6338
6349
6356
6410
6428
6524
6595
6616
6636
6689
6690
6796
6799
6806
6836
6869
6900
6948
6955
7024
7067
7131
7225
7235
7296
7320
7385
7390
7414
7451
7517
7518
7605
7717
7747
7761
8013
8018
8062
8073
8125
8177
8191
8222
8227
8265
8281
8313
8425
8440
8463
8474
8540
8598
8634
8669
8744
8789
8828
8917
8926
8968
9030
9039
9050
9184
9232
9257
9402
9449
9459
9569
9619
9653
9667
9699
9717
9774
9782
9812
9813
9949
