25
91
125
139
173
364
420
603
615
633
645
647
691
698
701
718
790
824
853
895
919
950
1150
1164
1177
1190
1325
1328
1545
1550
1617
1713
1764
1778
1794
1830
1833
1962
2049
2080
2130
2131
2186
2197
2342
2343
2476
2532
2591
2626
2666
2693
2706
2735
2785
2804
2838
2866
2943
3000
3030
3066
3119
3157
3171
3335
3431
3440
3444
3482
3522
3538
3811
3942
4002
4105
4117
4192
4499
4626
4635
4686
4721
4752
4806
4870
4895
4899
4918
5021
5102
5119
5128
5197
5289
5294
5309
5563
5604
5707
5733
5761
5803
5804
5848
5860
5881
5897
5942
6027
6080
6115
6209
6328
6411
6431
6438
6462
6502
6509
6533
6600
6627
6679
6880
6896
6907
6953
7049
7058
7077
7120
7162
7191
7220
7281
7317
7328
7341
7383
7431
7446
7499
7507
7633
7716
7718
7791
7920
7932
7987
7999
8031
8058
8063
8095
8141
8198
8201
8224
8225
8424
8444
8490
8517
8650
8668
8702
8718
8727
8748
8850
8936
8973
9007
9015
9027
9109
9141
9256
9299
9367
9368
9378
9398
9471
9527
9534
9572
9573
9666
9719
9736
9775
9871
9905
9909
9914
9926
9961
