10
12
96
112
119
124
187
219
282
497
581
668
734
795
875
890
893
995
1054
1072
1081
1158
1194
1203
1361
1472
1487
1498
1524
1618
1629
1663
1695
1730
1792
1845
1928
1985
2006
2009
2043
2060
2072
2086
2156
2226
2294
2399
2478
2570
2751
2888
2988
3141
3165
3175
3185
3253
3255
3406
3435
3466
3516
3559
3560
3665
3757
3764
3771
3772
3825
3826
3858
3885
3951
4000
4009
4023
4182
4200
4219
4285
4304
4320
4332
4399
4418
4472
4509
4540
4544
4550
4682
4692
4707
4751
4783
4788
4820
4949
4964
4971
5145
5160
5337
5363
5394
5420
5452
5507
5539
5559
5616
5622
5639
5894
5919
5925
6113
6169
6206
6271
6329
6360
6403
6407
6447
6475
6536
6557
6662
6782
6909
6934
6979
7060
7061
7107
7196
7233
7266
7292
7421
7535
7553
7755
7823
7849
7855
7865
7889
7928
8081
8111
8114
8184
8197
8200
8339
8346
8368
8393
8433
8546
8612
8662
8694
8761
8769
8775
8804
8913
8923
8955
9019
9051
9074
9136
9145
9156
9159
9167
9168
9194
9247
9249
9269
9273
9295
9328
9357
9389
9431
9517
9524
9555
9584
9704
9858
9993
