76
87
136
198
214
244
266
298
346
374
538
554
636
638
662
752
779
799
884
889
912
952
1069
1083
1084
1167
1381
1439
1456
1501
1542
1551
1563
1572
1611
1624
1678
1759
1789
1812
1873
1881
1883
1896
2022
2054
2104
2208
2213
2246
2292
2340
2425
2487
2505
2553
2554
2559
2567
2673
2739
2787
2851
2858
2996
3059
3150
3316
3402
3438
3478
3547
3570
3616
3661
3703
3761
3915
4015
4057
4111
4159
4170
4189
4408
4412
4416
4464
4566
4571
4587
4645
4690
4741
4797
4843
4904
4983
5018
5116
5121
5131
5155
5176
5266
5307
5428
5460
5534
5543
5602
5723
5757
5798
5863
5906
5948
5961
5988
6009
6217
6223
6235
6266
6305
6319
6361
6401
6453
6514
6520
6571
6626
6634
6720
6734
6744
6746
6781
6871
6926
7001
7002
7028
7098
7234
7254
7287
7337
7354
7375
7398
7423
7457
7461
7479
7504
7584
7776
7808
7881
7892
7930
7990
8048
8070
8157
8182
8194
8297
8320
8409
8531
8572
8614
8619
8641
8732
8786
8863
8909
8959
9079
9093
9211
9252
9326
9358
9452
9462
9563
9636
9700
9838
9844
9877
9923
9936
9959
9966
