102
113
142
209
336
388
445
456
473
548
598
623
763
770
773
852
861
883
1023
1097
1111
1156
1180
1183
1262
1284
1329
1334
1408
1438
1488
1536
1638
1681
1745
1761
1880
1947
2050
2084
2088
2090
2102
2111
2167
2221
2231
2232
2240
2245
2373
2439
2614
2615
2625
2647
2764
2899
2974
2982
3132
3153
3273
3306
3468
3529
3599
3614
3647
3648
3673
3720
3745
3792
3831
3932
3946
3957
3987
4094
4098
4128
4141
4196
4275
4339
4455
4537
4560
4579
4609
4623
4630
4665
4755
4887
4915
5000
5056
5120
5148
5247
5253
5334
5352
5365
5425
5468
5521
5537
5546
5605
5628
5694
5698
5715
5724
5734
5783
5876
5949
6017
6039
6073
6111
6126
6131
6134
6137
6185
6192
6272
6560
6621
6645
6716
6745
6764
6960
6961
6971
7047
7057
7065
7068
7108
7138
7270
7475
7487
7659
7666
7698
7770
7773
7829
7871
7891
7897
7911
7915
7924
7943
7973
8023
8067
8137
8205
8294
8441
8551
8870
8925
8948
8952
9012
9018
9073
9148
9173
9225
9317
9349
9442
9474
9568
9574
9597
9612
9617
9628
9662
9747
9781
9839
9847
9865
9883
9910
9955
