7
8
69
83
92
327
368
386
390
447
468
482
509
591
624
632
666
704
708
724
776
783
871
993
1013
1015
1128
1135
1159
1244
1247
1274
1310
1356
1512
1526
1659
1688
1817
1820
1884
1919
1920
1931
1949
1954
1957
1974
2239
2253
2320
2332
2344
2411
2444
2461
2469
2527
2589
2612
2670
2712
2713
2766
2827
2828
2844
2845
2870
2876
2892
2923
2930
2933
3008
3081
3100
3102
3177
3189
3205
3216
3235
3244
3367
3449
3511
3530
3627
3753
4006
4029
4042
4062
4073
4100
4251
4343
4358
4362
4438
4520
4528
4564
4702
4703
4730
4750
4759
4770
4874
4958
4972
5045
5130
5147
5168
5256
5282
5291
5320
5441
5564
5612
5702
5762
5795
5805
5816
5845
5992
6128
6178
6181
6267
6352
6466
6522
6558
6592
6633
6740
6865
6917
6986
7009
7031
7076
7181
7195
7280
7316
7343
7436
7533
7573
7694
7696
7708
7757
7784
7853
7902
7923
7992
8056
8078
8099
8169
8256
8278
8402
8413
8538
8586
8592
8639
8693
8790
8838
8871
9022
9078
9100
9198
9248
9306
9496
9502
9503
9586
9644
9651
9677
9741
9843
9861
9891
9912
9965
