67
82
84
189
343
352
475
493
513
524
550
595
599
608
796
818
840
970
1019
1021
1058
1090
1270
1272
1319
1363
1450
1557
1559
1560
1569
1591
1622
1636
1661
1693
1697
1741
1751
1807
1827
1859
1942
2062
2129
2161
2199
2347
2359
2456
2592
2627
2702
2732
2750
2759
2799
2897
2925
2939
3042
3101
3159
3208
3236
3246
3267
3634
3722
3726
3739
3767
3795
3856
3969
4078
4134
4278
4317
4319
4395
4405
4424
4436
4506
4616
4674
4796
4827
5022
5037
5052
5070
5140
5200
5225
5279
5353
5380
5389
5476
5495
5505
5849
5896
5898
5955
5974
5983
6050
6062
6120
6141
6261
6280
6327
6353
6456
6464
6531
6542
6562
6625
6631
6667
6729
6741
6755
6795
6868
7070
7143
7161
7384
7409
7508
7523
7556
7681
7749
7752
7763
7764
7787
7810
7822
7848
7893
7978
7989
8012
8050
8072
8082
8091
8110
8127
8233
8304
8327
8348
8349
8380
8388
8430
8475
8520
8741
8819
8823
8853
8855
8940
8958
8976
8999
9000
9010
9023
9037
9044
9086
9110
9181
9310
9371
9382
9443
9494
9504
9536
9618
9678
9692
9791
9818
9834
9874
9945
9969
