9
29
44
86
196
220
227
253
563
601
643
658
659
663
713
760
766
860
902
910
924
977
988
1067
1068
1115
1118
1195
1237
1449
1630
1675
1700
1737
1740
1786
1900
1901
1903
2000
2024
2041
2095
2158
2170
2263
2372
2574
2606
2859
2862
2919
2957
2971
3108
3128
3251
3312
3360
3375
3388
3418
3484
3553
3604
3618
3692
3754
3820
3854
3981
4020
4201
4336
4373
4414
4456
4522
4536
4582
4608
4634
4640
4801
4822
4853
4878
4909
4916
5014
5032
5162
5205
5283
5323
5381
5415
5582
5583
5662
5682
5726
5739
5746
5824
5833
5870
5973
6053
6067
6173
6243
6247
6316
6322
6333
6400
6405
6465
6574
6579
6598
6637
6743
6751
6753
6797
6817
6854
6891
7007
7030
7066
7128
7219
7256
7284
7332
7360
7391
7445
7527
7674
7693
7697
7701
7785
7803
7847
7884
7927
7946
8075
8148
8188
8206
8223
8301
8330
8350
8356
8359
8364
8373
8704
8763
8768
8778
8808
8818
8851
8879
8904
8912
8961
8989
9042
9161
9175
9231
9238
9255
9264
9286
9365
9369
9374
9428
9433
9436
9485
9557
9620
9656
9706
9713
9757
9787
9798
9892
