41
52
72
146
280
404
435
472
560
788
986
1065
1095
1102
1199
1212
1324
1333
1471
1589
1660
1692
1726
1797
1808
1866
1878
1897
2017
2093
2094
2128
2138
2151
2160
2204
2290
2371
2387
2534
2676
2816
3006
3063
3149
3191
3238
3245
3321
3357
3364
3428
3503
3575
3637
3641
3675
3694
3708
3752
3770
3807
3835
3994
4018
4088
4210
4303
4433
4449
4599
4629
4642
4740
4839
4869
4877
4919
4922
4957
4990
5005
5091
5106
5108
5184
5209
5219
5325
5343
5348
5413
5446
5573
5594
5598
5650
5652
5660
5690
5832
5892
5918
5933
5935
5964
6018
6038
6089
6114
6166
6279
6380
6404
6421
6423
6473
6492
6546
6586
6591
6655
6659
6709
6723
6766
6784
6848
6851
6903
6949
7059
7074
7081
7094
7113
7126
7141
7154
7239
7249
7267
7290
7315
7459
7468
7525
7576
7646
7650
7734
7886
7929
7998
8092
8107
8130
8266
8558
8561
8628
8660
8677
8815
8866
8868
8903
8928
8929
8933
8934
8944
8970
8988
9020
9067
9088
9139
9153
9192
9281
9294
9297
9344
9345
9360
9385
9435
9440
9480
9508
9515
9594
9621
9705
9783
9789
9896
9948
9980
