11
18
36
37
42
46
47
48
61
79
105
129
130
135
140
147
156
167
181
199
203
204
216
225
254
281
303
306
354
360
362
367
375
414
429
433
436
443
467
478
503
526
528
529
539
559
566
570
577
583
600
618
621
642
644
648
653
665
672
673
675
694
696
697
712
738
754
757
759
764
769
771
774
780
781
792
797
803
809
827
838
846
870
872
878
904
907
909
911
914
928
934
956
975
976
981
999
1006
1010
1045
1064
1073
1085
1088
1093
1100
1106
1117
1122
1149
1151
1154
1157
1162
1168
1173
1176
1184
1198
1209
1210
1220
1223
1225
1231
1260
1269
1278
1294
1302
1311
1344
1348
1352
1372
1380
1383
1389
1393
1395
1401
1407
1422
1444
1452
1475
1493
1513
1527
1538
1548
1554
1555
1561
1579
1590
1595
1605
1609
1614
1626
1633
1648
1672
1711
1712
1718
1733
1738
1744
1747
1767
1772
1787
1799
1804
1809
1815
1816
1819
1822
1828
1838
1847
1853
1855
1891
1944
1950
1961
1963
1972
1973
1981
1988
1992
2011
2013
2015
2016
2019
2020
2030
2034
2037
2039
2047
2051
2058
2059
2076
2083
2085
2101
2103
2112
2120
2127
2143
2146
2152
2174
2181
2193
2203
2219
2229
2247
2258
2264
2275
2279
2282
2288
2289
2311
2327
2328
2360
2364
2366
2368
2378
2384
2392
2394
2396
2400
2403
2414
2418
2430
2445
2454
2472
2474
2481
2482
2492
2495
2499
2500
2508
2510
2545
2549
2564
2573
2579
2580
2582
2594
2597
2624
2628
2632
2637
2639
2641
2643
2654
2664
2665
2681
2701
2719
2757
2768
2777
2779
2786
2801
2807
2812
2834
2841
2864
2872
2878
2890
2906
2924
2928
2945
2948
2949
2958
2966
2969
2989
3013
3015
3033
3035
3038
3058
3064
3069
3072
3096
3126
3138
3142
3200
3206
3212
3224
3248
3259
3265
3266
3289
3308
3317
3323
3327
3329
3336
3347
3350
3369
3371
3383
3392
3397
3404
3436
3454
3456
3462
3472
3480
3481
3487
3502
3519
3524
3533
3545
3556
3564
3565
3569
3571
3576
3587
3594
3597
3607
3613
3615
3630
3649
3650
3669
3677
3681
3682
3683
3698
3702
3705
3706
3714
3725
3730
3735
3736
3740
3742
3759
3760
3769
3774
3780
3788
3812
3815
3816
3824
3832
3834
3844
3851
3852
3855
3857
3863
3871
3889
3891
3903
3917
3939
3950
3954
3960
3971
3976
3980
3985
3986
3993
4033
4035
4063
4066
4067
4074
4083
4086
4115
4118
4120
4149
4164
4190
4191
4195
4197
4204
4213
4221
4234
4236
4239
4258
4263
4269
4276
4290
4308
4309
4334
4341
4342
4345
4346
4350
4353
4355
4365
4374
4376
4383
4410
4411
4428
4434
4435
4440
4448
4452
4457
4468
4475
4476
4477
4478
4484
4494
4498
4512
4521
4524
4526
4530
4531
4533
4565
4569
4578
4588
4598
4603
4607
4617
4624
4658
4661
4662
4673
4695
4704
4716
4722
4723
4743
4765
4773
4775
4798
4821
4824
4828
4829
4840
4848
4862
4872
4873
4880
4881
4889
4901
4912
4946
4991
5017
5019
5025
5029
5031
5036
5050
5053
5055
5069
5078
5093
5109
5137
5138
5141
5150
5161
5188
5202
5214
5218
5236
5250
5254
5257
5265
5272
5285
5287
5288
5297
5299
5318
5322
5351
5355
5372
5379
5388
5391
5412
5422
5444
5448
5455
5475
5492
5506
5517
5527
5528
5542
5558
5561
5568
5574
5576
5591
5595
5606
5607
5609
5619
5625
5643
5653
5666
5668
5673
5689
5701
5711
5720
5722
5731
5742
5747
5754
5776
5790
5796
5809
5844
5847
5850
5873
5908
5910
5913
5917
5923
5928
5940
5945
5947
5951
5957
5976
5985
6007
6021
6047
6054
6058
6075
6092
6099
6112
6132
6140
6148
6156
6167
6179
6180
6194
6195
6196
6202
6203
6216
6236
6246
6253
6263
6264
6265
6291
6292
6294
6306
6317
6324
6346
6347
6350
6354
6364
6366
6368
6375
6379
6381
6383
6437
6450
6483
6489
6495
6521
6534
6535
6549
6550
6563
6564
6568
6582
6583
6610
6630
6642
6643
6653
6670
6677
6687
6693
6714
6721
6737
6750
6754
6773
6775
6801
6802
6811
6813
6814
6837
6845
6920
6929
6950
6952
6967
6977
6981
6995
7017
7023
7027
7046
7071
7073
7106
7109
7110
7116
7121
7127
7133
7134
7147
7148
7163
7169
7222
7232
7242
7245
7248
7257
7258
7261
7263
7272
7301
7305
7308
7309
7314
7330
7357
7370
7411
7415
7425
7438
7456
7463
7470
7476
7490
7494
7503
7529
7534
7538
7544
7546
7551
7558
7566
7567
7569
7583
7589
7594
7595
7603
7618
7625
7637
7638
7655
7665
7678
7683
7684
7685
7686
7690
7691
7702
7704
7712
7721
7723
7725
7726
7728
7732
7743
7772
7815
7821
7839
7840
7842
7887
7910
7935
7936
7942
7944
7947
7953
7976
7997
8001
8003
8007
8009
8021
8033
8051
8084
8087
8089
8097
8103
8112
8149
8151
8162
8163
8164
8167
8173
8199
8202
8229
8249
8255
8258
8270
8273
8274
8317
8394
8400
8403
8411
8414
8427
8431
8446
8449
8456
8465
8476
8480
8498
8500
8506
8519
8528
8534
8587
8604
8610
8615
8625
8640
8646
8647
8652
8656
8659
8672
8695
8707
8711
8714
8739
8746
8747
8758
8774
8783
8784
8788
8793
8820
8833
8840
8841
8849
8860
8882
8889
8890
8893
8945
8949
8956
8977
8984
8997
9009
9048
9066
9072
9075
9085
9087
9099
9105
9115
9127
9135
9144
9157
9170
9186
9193
9202
9209
9215
9224
9229
9237
9245
9259
9274
9291
9305
9315
9334
9338
9350
9351
9356
9379
9381
9397
9400
9405
9409
9411
9420
9427
9461
9478
9479
9491
9520
9542
9565
9592
9600
9602
9603
9626
9630
9649
9655
9659
9661
9663
9664
9671
9673
9684
9695
9742
9750
9752
9754
9755
9780
9788
9803
9805
9816
9817
9819
9841
9853
9860
9870
9872
9876
9880
9882
9899
9935
9962
9984
