30
53
121
218
224
311
316
348
379
381
604
684
721
798
800
850
913
941
1014
1017
1091
1124
1126
1147
1182
1306
1320
1338
1435
1539
1639
1677
1679
1706
1769
1821
1836
1860
1911
1917
1929
1960
2014
2063
2183
2185
2200
2224
2356
2363
2397
2526
2552
2566
2595
2608
2662
2667
2687
2707
2802
2805
2891
2983
3103
3190
3260
3270
3272
3274
3293
3305
3333
3363
3413
3493
3573
3580
3628
3655
3877
3881
3914
3929
3944
3968
4099
4223
4246
4270
4372
4573
4654
4738
4746
4779
4823
4825
4890
4942
4989
5028
5166
5216
5224
5227
5245
5286
5305
5503
5522
5621
5665
5760
5830
5930
6000
6094
6097
6119
6228
6259
6286
6298
6355
6371
6391
6433
6435
6440
6454
6530
6539
6544
6658
6722
6816
6850
6897
6912
6913
6937
6964
7136
7159
7170
7174
7192
7286
7303
7326
7333
7362
7381
7410
7501
7502
7559
7596
7750
7827
7885
7939
8090
8113
8160
8161
8279
8365
8423
8555
8627
8664
8682
8699
8719
8765
8803
8812
8865
8911
8986
9060
9069
9077
9117
9143
9164
9166
9195
9216
9495
9582
9670
9675
9694
9738
9779
9837
9939
