10
12
24
27
67
68
71
81
82
84
88
96
112
119
123
124
187
189
219
228
245
252
279
282
284
312
330
334
343
345
352
358
372
389
401
417
419
424
446
470
475
493
497
502
506
512
513
518
524
550
561
581
595
599
608
637
641
668
693
699
702
715
723
734
739
751
775
791
795
796
817
818
829
840
863
873
875
890
893
906
908
920
923
929
931
932
949
953
958
961
966
970
979
995
996
998
1008
1019
1021
1033
1043
1054
1056
1058
1072
1077
1081
1090
1112
1131
1133
1139
1142
1153
1158
1169
1170
1194
1201
1203
1224
1233
1234
1238
1263
1270
1272
1277
1309
1319
1358
1361
1363
1374
1384
1398
1405
1418
1428
1440
1450
1472
1479
1487
1494
1498
1502
1518
1524
1557
1559
1560
1569
1574
1577
1582
1591
1594
1601
1616
1618
1622
1629
1636
1661
1663
1666
1693
1695
1697
1707
1725
1730
1732
1741
1751
1765
1773
1792
1798
1807
1827
1843
1845
1859
1862
1870
1872
1885
1904
1912
1927
1928
1933
1935
1940
1942
1943
1945
1964
1979
1985
2006
2009
2010
2025
2035
2036
2043
2060
2062
2064
2068
2070
2071
2072
2073
2074
2086
2105
2129
2154
2156
2157
2161
2187
2196
2199
2223
2226
2230
2238
2248
2265
2294
2303
2308
2321
2325
2347
2359
2383
2385
2388
2399
2402
2409
2410
2420
2434
2440
2456
2458
2478
2486
2490
2493
2547
2565
2570
2572
2592
2600
2609
2623
2627
2644
2645
2648
2658
2663
2678
2702
2732
2750
2751
2755
2759
2771
2776
2799
2822
2874
2881
2885
2886
2888
2897
2925
2929
2936
2939
2941
2942
2962
2965
2988
3010
3018
3029
3042
3075
3080
3101
3117
3141
3159
3165
3175
3176
3185
3194
3198
3207
3208
3236
3246
3253
3254
3255
3267
3298
3314
3322
3334
3348
3376
3380
3395
3406
3407
3427
3434
3435
3448
3463
3465
3466
3500
3516
3543
3559
3560
3562
3610
3625
3634
3640
3665
3668
3716
3722
3724
3726
3732
3737
3739
3748
3757
3764
3767
3771
3772
3779
3795
3802
3825
3826
3845
3847
3856
3858
3862
3867
3870
3885
3905
3936
3940
3949
3951
3969
3977
4000
4009
4023
4036
4043
4048
4051
4075
4078
4079
4090
4102
4110
4131
4134
4153
4182
4200
4208
4216
4219
4262
4278
4285
4286
4291
4294
4304
4313
4314
4317
4319
4320
4332
4338
4385
4395
4399
4403
4404
4405
4407
4418
4420
4424
4436
4442
4453
4472
4481
4485
4489
4493
4500
4506
4509
4532
4540
4544
4549
4550
4552
4556
4575
4576
4580
4596
4601
4614
4616
4618
4627
4653
4674
4682
4683
4692
4696
4697
4707
4708
4727
4728
4747
4751
4769
4771
4783
4785
4788
4796
4817
4820
4827
4831
4832
4885
4914
4931
4940
4941
4947
4949
4964
4971
4975
4985
5016
5020
5022
5026
5030
5037
5052
5054
5070
5079
5083
5092
5094
5097
5115
5134
5140
5142
5143
5145
5153
5160
5180
5200
5225
5234
5241
5249
5279
5312
5317
5321
5324
5332
5337
5345
5353
5358
5362
5363
5380
5389
5394
5404
5420
5426
5452
5467
5469
5471
5476
5495
5500
5505
5507
5516
5539
5549
5557
5559
5579
5589
5597
5608
5613
5616
5622
5639
5645
5649
5687
5703
5706
5712
5729
5732
5750
5759
5778
5786
5793
5797
5799
5825
5827
5831
5839
5841
5849
5851
5894
5896
5898
5902
5907
5919
5921
5925
5926
5934
5937
5939
5955
5959
5971
5974
5978
5980
5983
5989
5997
6031
6040
6050
6051
6062
6098
6113
6120
6127
6141
6143
6146
6149
6152
6169
6184
6193
6206
6225
6241
6261
6271
6280
6309
6323
6326
6327
6329
6331
6353
6360
6370
6390
6398
6403
6407
6420
6442
6447
6456
6458
6464
6470
6475
6496
6500
6515
6526
6531
6536
6542
6557
6562
6584
6603
6604
6609
6618
6625
6631
6632
6641
6644
6662
6666
6667
6694
6726
6729
6731
6732
6741
6755
6765
6767
6782
6783
6793
6795
6809
6818
6823
6824
6829
6831
6844
6868
6878
6894
6904
6909
6924
6931
6934
6944
6963
6979
7006
7012
7048
7051
7060
7061
7070
7079
7080
7096
7097
7107
7122
7124
7143
7156
7161
7166
7196
7199
7217
7226
7233
7266
7292
7298
7300
7325
7327
7331
7356
7371
7372
7376
7384
7401
7409
7421
7430
7437
7450
7454
7477
7483
7491
7508
7523
7528
7535
7536
7547
7553
7556
7560
7581
7600
7631
7680
7681
7692
7722
7740
7742
7749
7751
7752
7755
7759
7760
7763
7764
7777
7781
7787
7805
7810
7817
7820
7822
7823
7828
7830
7841
7848
7849
7855
7857
7859
7865
7866
7867
7872
7876
7889
7893
7922
7928
7950
7954
7978
7989
8011
8012
8043
8050
8068
8072
8074
8077
8079
8081
8082
8083
8091
8094
8096
8102
8110
8111
8114
8127
8128
8134
8146
8170
8175
8184
8197
8200
8214
8219
8233
8247
8248
8280
8287
8289
8304
8325
8327
8329
8339
8346
8348
8349
8368
8380
8386
8388
8393
8397
8426
8430
8433
8437
8445
8475
8494
8520
8524
8546
8560
8568
8570
8577
8591
8602
8612
8632
8662
8694
8696
8698
8703
8725
8731
8741
8742
8761
8769
8770
8775
8795
8804
8805
8819
8823
8853
8855
8880
8883
8899
8900
8913
8923
8940
8954
8955
8958
8969
8976
8980
8998
8999
9000
9006
9010
9019
9023
9033
9037
9044
9045
9047
9051
9074
9086
9091
9094
9110
9136
9138
9145
9156
9159
9167
9168
9171
9174
9181
9194
9199
9243
9247
9249
9269
9273
9295
9307
9310
9312
9318
9328
9347
9357
9371
9373
9376
9382
9389
9425
9431
9443
9466
9481
9484
9494
9498
9504
9506
9507
9517
9524
9536
9545
9550
9554
9555
9579
9584
9618
9631
9658
9665
9674
9678
9692
9704
9725
9728
9771
9791
9815
9818
9834
9836
9854
9858
9864
9874
9885
9897
9917
9919
9922
9929
9942
9945
9947
9969
9977
9993
