127
159
222
289
310
383
395
451
466
508
626
627
646
670
707
749
805
815
1094
1145
1208
1245
1287
1425
1432
1509
1549
1553
1615
1662
1664
1758
1785
1932
1959
1977
2001
2079
2134
2267
2276
2277
2331
2357
2408
2447
2449
2485
2520
2542
2696
2710
2730
2752
2765
2770
2944
2972
3024
3073
3107
3288
3303
3379
3389
3417
3420
3455
3474
3490
3521
3572
3602
3635
3671
3756
3853
4014
4154
4198
4366
4429
4430
4458
4519
4542
4545
4764
4789
4803
4984
4992
5006
5090
5125
5127
5164
5277
5367
5400
5417
5459
5526
5743
5751
5853
5858
5875
5924
5943
6074
6091
6108
6162
6164
6283
6296
6415
6488
6639
6640
6646
6688
6763
6915
6974
6975
7029
7038
7042
7078
7112
7187
7231
7238
7243
7268
7364
7420
7440
7455
7478
7521
7550
7608
7642
7737
7845
7856
7909
7919
8000
8016
8037
8064
8153
8178
8213
8221
8250
8405
8487
8488
8556
8571
8580
8588
8600
8653
8689
8754
8773
8856
8859
8873
8885
8919
8982
8994
8996
9038
9076
9129
9220
9235
9261
9348
9437
9501
9505
9531
9643
9669
9689
9760
9797
9810
9857
9967
9999
