3
5
6
16
19
31
35
49
51
57
65
66
102
104
107
113
115
132
142
152
154
166
168
179
190
191
209
212
233
239
265
268
271
278
283
285
290
292
296
328
332
336
361
369
370
378
385
388
391
440
445
456
473
476
485
490
496
499
511
514
548
556
564
569
575
580
598
623
625
649
652
671
682
686
688
692
710
725
743
763
770
773
778
785
806
816
821
822
843
849
852
856
861
877
883
896
898
916
918
942
948
967
1023
1026
1034
1047
1074
1078
1097
1111
1136
1138
1156
1171
1180
1183
1186
1189
1229
1232
1252
1258
1262
1265
1267
1275
1284
1298
1312
1314
1315
1316
1329
1330
1334
1347
1350
1362
1373
1377
1382
1387
1394
1408
1410
1426
1431
1438
1445
1463
1473
1488
1492
1504
1522
1528
1530
1536
1546
1565
1578
1586
1607
1610
1620
1623
1632
1635
1638
1681
1686
1687
1705
1709
1719
1720
1745
1749
1750
1756
1761
1770
1771
1780
1811
1825
1844
1846
1849
1857
1867
1880
1882
1887
1890
1906
1918
1921
1947
1955
1970
1976
1987
2005
2028
2050
2052
2084
2088
2090
2100
2102
2111
2116
2117
2136
2145
2147
2167
2188
2189
2191
2194
2198
2207
2215
2216
2217
2221
2222
2231
2232
2240
2245
2250
2251
2257
2291
2297
2299
2329
2341
2369
2370
2373
2404
2415
2437
2439
2441
2442
2504
2513
2514
2544
2550
2556
2584
2588
2598
2603
2614
2615
2618
2620
2622
2625
2630
2647
2655
2668
2685
2720
2723
2736
2754
2758
2763
2764
2798
2817
2836
2837
2853
2873
2879
2884
2896
2899
2911
2916
2921
2955
2974
2975
2977
2978
2980
2982
3003
3012
3017
3031
3037
3088
3105
3111
3112
3125
3127
3129
3132
3153
3155
3156
3184
3187
3201
3203
3220
3221
3222
3242
3273
3276
3306
3330
3338
3344
3377
3386
3401
3432
3458
3468
3497
3506
3509
3512
3526
3529
3544
3579
3593
3599
3603
3605
3614
3621
3623
3624
3645
3647
3648
3653
3659
3673
3684
3696
3712
3720
3727
3738
3745
3749
3755
3782
3783
3789
3792
3797
3813
3814
3818
3821
3822
3831
3836
3839
3861
3869
3884
3887
3912
3918
3920
3930
3932
3935
3945
3946
3957
3963
3965
3967
3973
3975
3987
3990
3998
4008
4031
4045
4047
4049
4077
4089
4094
4098
4112
4128
4141
4145
4166
4183
4184
4194
4196
4205
4214
4227
4230
4233
4264
4266
4275
4284
4301
4305
4329
4339
4364
4369
4371
4396
4398
4415
4455
4461
4470
4502
4510
4515
4534
4537
4546
4548
4554
4558
4560
4579
4581
4586
4590
4595
4609
4610
4623
4628
4630
4632
4652
4655
4665
4685
4706
4709
4711
4712
4718
4720
4725
4729
4748
4755
4780
4787
4813
4833
4834
4849
4850
4858
4859
4882
4887
4910
4915
4924
4930
4936
4966
4970
4981
4982
4987
4993
4997
5000
5008
5011
5012
5015
5024
5056
5059
5062
5068
5076
5084
5117
5118
5120
5123
5126
5148
5156
5171
5173
5203
5232
5235
5239
5247
5251
5253
5260
5261
5262
5269
5274
5296
5310
5311
5326
5329
5334
5338
5341
5352
5356
5365
5376
5386
5396
5398
5403
5425
5463
5464
5465
5468
5472
5478
5482
5486
5501
5521
5537
5546
5552
5553
5555
5560
5562
5577
5586
5605
5618
5627
5628
5648
5656
5678
5681
5692
5694
5695
5696
5698
5715
5724
5725
5730
5734
5745
5764
5780
5782
5783
5801
5822
5828
5854
5876
5885
5922
5944
5946
5949
5950
5953
5968
5969
5993
6013
6017
6026
6033
6039
6056
6057
6065
6069
6073
6085
6104
6111
6116
6126
6131
6134
6137
6142
6171
6185
6186
6190
6192
6204
6207
6224
6245
6254
6272
6276
6277
6297
6315
6332
6334
6338
6349
6356
6357
6393
6410
6428
6448
6449
6460
6490
6524
6540
6560
6570
6576
6595
6607
6616
6617
6621
6636
6645
6647
6648
6657
6689
6690
6698
6703
6716
6728
6735
6745
6747
6759
6764
6778
6796
6799
6806
6836
6839
6843
6860
6869
6875
6900
6905
6948
6955
6958
6960
6961
6971
6989
6992
6994
7024
7047
7053
7057
7065
7067
7068
7075
7089
7092
7108
7111
7114
7131
7138
7152
7157
7172
7216
7225
7235
7252
7262
7270
7277
7296
7320
7329
7344
7348
7350
7385
7390
7394
7396
7397
7414
7433
7443
7444
7448
7451
7475
7487
7495
7496
7497
7498
7517
7518
7541
7545
7574
7605
7606
7607
7616
7620
7627
7647
7659
7666
7675
7698
7715
7717
7719
7731
7747
7756
7761
7770
7773
7783
7802
7811
7829
7838
7871
7874
7880
7891
7896
7897
7903
7911
7915
7924
7925
7933
7943
7965
7973
7993
7994
7995
8013
8018
8022
8023
8025
8041
8062
8067
8073
8076
8085
8115
8125
8131
8137
8138
8165
8171
8177
8185
8186
8191
8205
8222
8227
8237
8252
8254
8257
8265
8276
8281
8294
8313
8314
8322
8328
8340
8345
8367
8381
8404
8425
8432
8440
8441
8455
8463
8474
8503
8511
8521
8525
8530
8540
8551
8567
8585
8597
8598
8611
8630
8634
8669
8674
8691
8716
8744
8789
8791
8806
8807
8827
8828
8829
8835
8836
8854
8870
8878
8887
8897
8917
8925
8926
8948
8952
8957
8968
8971
8979
8981
9011
9012
9013
9016
9018
9026
9030
9035
9039
9041
9050
9052
9073
9097
9106
9113
9114
9126
9137
9142
9148
9154
9163
9173
9184
9189
9225
9226
9232
9253
9257
9267
9303
9317
9337
9349
9366
9383
9384
9392
9393
9402
9408
9412
9414
9416
9421
9423
9424
9441
9442
9449
9459
9468
9474
9512
9541
9568
9569
9574
9575
9581
9583
9595
9597
9612
9613
9617
9619
9624
9628
9646
9653
9657
9662
9667
9672
9683
9699
9702
9715
9717
9727
9735
9740
9745
9747
9758
9766
9772
9774
9781
9782
9786
9802
9812
9813
9822
9823
9828
9839
9845
9846
9847
9865
9883
9901
9910
9925
9949
9952
9955
9971
