1
74
128
163
202
221
263
288
314
338
411
609
639
762
782
802
804
869
882
990
1050
1053
1089
1243
1273
1296
1351
1558
1665
1685
1701
1779
1800
1946
2033
2089
2140
2176
2179
2214
2228
2233
2243
2283
2376
2412
2422
2459
2460
2502
2541
2576
2698
2767
2789
2905
2907
2960
3115
3116
3163
3257
3262
3282
3292
3295
3313
3342
3349
3495
3558
3584
3606
3719
3805
3866
3896
3922
3959
3972
3999
4007
4027
4093
4096
4188
4232
4324
4389
4397
4473
4479
4516
4625
4637
4784
4807
4835
4894
4939
4954
5154
5163
5167
5199
5208
5306
5308
5313
5360
5369
5432
5436
5493
5551
5570
5617
5646
5680
5792
5800
5807
5856
6100
6103
6117
6159
6221
6290
6386
6402
6430
6457
6565
6581
6682
6761
6762
6791
6930
6954
7091
7093
7142
7164
7279
7306
7335
7403
7465
7519
7579
7695
7727
7745
7792
7816
7862
7877
8066
8189
8196
8226
8302
8331
8382
8391
8408
8419
8504
8513
8552
8637
8648
8670
8729
8737
8762
8764
8798
8964
9004
9120
9132
9214
9239
9250
9275
9309
9387
9418
9422
9490
9511
9514
9558
9598
9629
9682
9866
