77
174
200
211
276
315
397
520
573
680
755
768
926
965
968
1012
1016
1025
1062
1087
1132
1178
1196
1207
1227
1251
1464
1497
1535
1570
1588
1597
1637
1642
1673
1684
1893
2048
2195
2280
2305
2446
2480
2530
2537
2585
2621
2646
2773
2832
2855
2868
2894
2902
2951
3011
3067
3076
3091
3095
3114
3121
3178
3188
3249
3301
3450
3508
3517
3528
3537
3619
3700
3715
3810
3819
3850
3876
3923
4122
4229
4256
4259
4297
4344
4363
4427
4437
4482
4508
4584
4611
4687
4701
4781
4786
4792
4793
4816
4938
5060
5065
5104
5110
5195
5267
5275
5373
5433
5483
5614
5683
5843
6066
6070
6130
6160
6163
6197
6210
6439
6445
6555
6559
6594
6615
6651
6671
6676
6686
6873
6889
6908
6969
6999
7014
7022
7025
7072
7197
7207
7212
7215
7253
7319
7359
7389
7554
7590
7762
7806
7812
7846
7860
7948
7949
7985
8106
8116
8217
8371
8375
8384
8436
8467
8527
8562
8606
8624
8715
8717
8735
8802
8937
8942
8972
9001
9005
9095
9165
9268
9300
9355
9377
9426
9454
9469
9492
9528
9548
9590
9691
9716
9784
9801
9804
9842
9921
9946
9983
