14
80
151
172
226
301
325
437
489
525
631
640
700
789
823
834
859
900
974
1137
1205
1279
1285
1421
1441
1483
1571
1802
1813
1839
1842
2023
2141
2172
2177
2202
2241
2242
2413
2453
2463
2475
2491
2517
2593
2660
2738
2795
2820
2839
2904
2964
3161
3168
3231
3250
3345
3412
3422
3430
3437
3536
3589
3643
3662
3664
3710
3775
3874
3908
3913
3941
3979
3982
4016
4061
4095
4107
4148
4255
4272
4300
4326
4378
4503
4529
4559
4562
4585
4659
4667
4763
4782
4826
4926
4928
4977
5077
5087
5255
5276
5374
5390
5442
5461
5487
5490
5647
5671
5735
5752
5838
5889
5903
5994
6030
6084
6109
6183
6198
6274
6335
6373
6374
6387
6479
6506
6538
6543
6614
6620
6628
6660
6719
6727
6786
6789
6877
6885
6940
6941
7020
7039
7062
7165
7183
7202
7275
7349
7361
7388
7412
7422
7427
7429
7592
7656
7682
7735
7831
7904
7940
7991
8071
8118
8243
8244
8283
8333
8360
8502
8507
8601
8649
8712
8760
8787
8852
9021
9049
9058
9112
9160
9242
9329
9417
9521
9526
9637
9645
9714
9733
9770
9825
9904
9974
9978
9989
9994
9998
