257
299
349
434
521
532
578
586
669
689
709
814
826
955
957
959
971
1107
1146
1253
1286
1346
1355
1480
1596
1646
1657
1683
1728
1784
1795
1966
1971
2144
2148
2155
2302
2304
2318
2421
2435
2465
2516
2577
2640
2697
2704
2731
2760
2867
2877
2889
2961
2993
3023
3039
3077
3193
3223
3232
3285
3355
3398
3416
3443
3457
3464
3639
3686
3751
3879
4005
4024
4143
4147
4150
4352
4523
4527
4551
4633
4639
4713
4714
4717
4864
4921
4961
4963
4980
5003
5013
5073
5215
5223
5242
5315
5443
5536
5588
5691
5737
5748
5753
5756
5768
5773
5794
5819
5821
5855
5866
5954
5967
5990
6034
6165
6188
6191
6239
6257
6300
6312
6313
6320
6339
6358
6392
6443
6474
6493
6499
6505
6787
6812
6835
6858
6864
6982
7043
7144
7158
7210
7295
7441
7467
7473
7512
7599
7602
7660
7741
7801
7814
7878
7899
7901
7984
8024
8032
8036
8238
8300
8308
8335
8420
8448
8493
8516
8613
8642
8723
8824
8839
8916
8927
8950
9121
9128
9155
9206
9218
9258
9288
9332
9363
9364
9372
9457
9559
9571
9578
9580
9601
9623
9686
9707
9852
9902
9907
