122
177
183
322
326
418
421
453
461
484
540
544
551
571
660
705
746
784
833
842
876
917
1028
1030
1059
1144
1160
1226
1326
1370
1371
1455
1532
1598
1676
1699
1714
1715
1801
2012
2046
2115
2236
2237
2256
2266
2281
2295
2361
2379
2390
2424
2452
2521
2634
2686
2740
2747
2784
2788
2869
2893
2950
2954
3014
3020
3068
3093
3135
3148
3169
3172
3173
3247
3278
3362
3475
3483
3485
3541
3633
3678
3766
3827
3828
3838
3898
4039
4101
4413
4421
4426
4451
4488
4504
4557
4736
4737
4758
4778
4867
4868
4876
4888
4902
4988
5049
5067
5491
5565
5620
5633
5728
5808
5862
5872
5936
5952
5956
5982
6019
6268
6301
6426
6455
6707
6760
6803
6834
6857
6922
6925
7016
7083
7140
7149
7176
7193
7291
7311
7480
7505
7530
7564
7636
7653
7744
7766
7837
7858
7870
7921
7926
7981
8002
8010
8060
8285
8310
8361
8417
8439
8484
8496
8522
8543
8563
8566
8569
8596
8616
8766
8862
8898
8915
8965
8966
9043
9178
9241
9293
9375
9456
9522
9523
9530
9640
9697
9711
9764
9792
9824
9832
9851
9889
9913
9940
9968
9976
9990
