15
32
54
155
184
237
267
294
329
357
380
393
400
425
517
537
557
629
820
1039
1040
1046
1051
1052
1105
1109
1185
1200
1264
1299
1308
1318
1321
1403
1404
1499
1506
1523
1580
1667
1696
1746
1850
1986
2004
2055
2065
2126
2149
2159
2171
2260
2393
2438
2443
2531
2555
2691
2806
2985
3123
3186
3237
3286
3304
3324
3328
3332
3359
3374
3381
3439
3446
3644
3670
3685
3786
3875
3900
3931
4012
4046
4108
4136
4271
4327
4340
4539
4568
4605
4638
4666
4705
4745
4761
4845
4960
4986
5044
5089
5169
5198
5273
5327
5402
5529
5567
5581
5585
5626
5663
5674
5765
5771
5814
5886
5890
5920
5972
5995
5999
6096
6145
6172
6231
6275
6282
6308
6318
6389
6429
6434
6468
6476
6712
6815
6847
6899
6990
7005
7010
7035
7044
7045
7125
7129
7201
7230
7271
7285
7368
7377
7378
7392
7417
7424
7493
7593
7619
7662
7679
7709
7890
7913
7937
7955
8054
8132
8147
8179
8290
8291
8374
8415
8492
8526
8550
8626
8663
8667
8680
8794
8797
8991
9152
9278
9314
9322
9352
9390
9419
9458
9476
9552
9570
9611
9739
9778
9869
9986
