20
21
25
43
50
55
75
91
94
103
108
125
137
139
145
148
150
157
160
161
169
170
173
178
182
210
231
246
269
275
297
313
317
324
339
342
353
364
387
392
409
413
420
423
438
448
459
460
464
486
491
498
501
504
519
523
558
567
568
579
589
597
603
606
615
630
633
645
647
654
667
691
698
701
718
741
744
745
753
758
772
787
790
810
812
824
844
853
862
879
881
885
895
899
915
919
937
950
963
980
1003
1004
1007
1027
1035
1044
1048
1055
1066
1070
1071
1075
1076
1103
1110
1113
1150
1164
1172
1177
1190
1191
1218
1288
1289
1290
1292
1300
1325
1328
1339
1342
1349
1357
1415
1416
1417
1446
1461
1467
1474
1476
1481
1507
1510
1515
1517
1519
1531
1545
1550
1556
1566
1568
1573
1584
1602
1606
1612
1617
1619
1634
1649
1650
1655
1680
1691
1702
1703
1704
1713
1716
1722
1752
1762
1764
1766
1768
1778
1794
1805
1818
1830
1833
1852
1879
1889
1915
1934
1962
1965
1978
1982
1983
1989
1996
1997
2007
2042
2044
2049
2053
2056
2078
2080
2082
2091
2097
2098
2108
2123
2125
2130
2131
2135
2164
2169
2186
2197
2205
2206
2252
2284
2286
2296
2342
2343
2348
2352
2375
2386
2406
2407
2426
2450
2466
2470
2476
2477
2507
2519
2522
2532
2560
2569
2583
2590
2591
2604
2626
2631
2651
2652
2657
2666
2672
2677
2693
2705
2706
2722
2733
2735
2737
2742
2743
2753
2774
2778
2781
2783
2785
2797
2803
2804
2808
2819
2821
2826
2831
2835
2838
2840
2848
2849
2850
2856
2861
2866
2909
2922
2934
2943
2947
2952
2963
2979
2981
2986
2991
2998
3000
3028
3030
3043
3044
3046
3047
3051
3066
3071
3083
3084
3085
3087
3097
3104
3119
3124
3131
3133
3144
3147
3157
3171
3183
3215
3226
3228
3233
3234
3240
3241
3269
3291
3309
3311
3320
3335
3351
3356
3366
3385
3387
3399
3405
3415
3425
3431
3440
3441
3444
3467
3470
3473
3482
3489
3498
3499
3510
3515
3522
3538
3539
3546
3567
3574
3578
3585
3611
3626
3638
3652
3672
3674
3687
3689
3691
3693
3695
3699
3707
3713
3721
3728
3729
3741
3743
3747
3763
3800
3801
3803
3811
3899
3901
3902
3907
3911
3925
3933
3942
3953
3970
3983
3996
4002
4021
4028
4034
4037
4038
4058
4059
4069
4070
4081
4105
4117
4125
4139
4157
4171
4177
4180
4185
4187
4192
4202
4203
4242
4247
4249
4252
4267
4293
4298
4316
4325
4337
4351
4392
4402
4409
4441
4447
4454
4466
4480
4487
4499
4570
4583
4626
4635
4641
4646
4650
4660
4676
4677
4686
4688
4698
4719
4721
4726
4739
4752
4768
4776
4794
4806
4809
4819
4837
4844
4856
4865
4870
4871
4875
4886
4895
4897
4898
4899
4907
4911
4913
4918
4927
4933
4934
4937
4950
4952
4956
4962
4965
4973
4974
4979
4994
4998
5009
5021
5023
5040
5051
5057
5061
5074
5081
5102
5103
5113
5119
5128
5152
5172
5174
5179
5192
5197
5207
5212
5222
5230
5270
5289
5294
5304
5309
5314
5342
5344
5347
5354
5382
5405
5411
5418
5429
5484
5496
5513
5530
5538
5544
5563
5575
5578
5580
5584
5601
5604
5636
5654
5657
5670
5679
5685
5707
5708
5718
5733
5761
5777
5784
5785
5788
5803
5804
5815
5829
5835
5846
5848
5860
5874
5880
5881
5882
5895
5897
5905
5916
5931
5938
5942
5958
5970
6002
6004
6016
6020
6025
6027
6029
6035
6036
6043
6049
6052
6055
6072
6080
6115
6121
6122
6129
6136
6147
6158
6182
6205
6209
6211
6215
6249
6260
6278
6285
6287
6299
6307
6328
6341
6345
6367
6411
6412
6427
6431
6432
6438
6441
6446
6462
6481
6498
6502
6509
6511
6528
6533
6537
6569
6590
6597
6600
6602
6605
6627
6668
6679
6691
6692
6695
6700
6717
6724
6739
6748
6749
6758
6769
6776
6779
6788
6808
6822
6827
6828
6830
6855
6856
6870
6880
6886
6896
6901
6907
6916
6923
6939
6942
6945
6947
6953
6970
6972
6991
6993
6998
7000
7032
7049
7055
7056
7058
7077
7087
7090
7101
7115
7120
7137
7162
7186
7191
7205
7213
7220
7241
7247
7269
7273
7276
7278
7281
7282
7312
7317
7328
7341
7355
7363
7365
7367
7369
7373
7374
7383
7387
7428
7431
7432
7439
7446
7489
7499
7507
7511
7514
7539
7543
7563
7565
7572
7578
7582
7601
7626
7630
7633
7640
7644
7652
7667
7699
7707
7711
7716
7718
7720
7733
7738
7753
7768
7791
7793
7807
7833
7835
7836
7906
7912
7920
7932
7941
7951
7957
7958
7964
7966
7968
7970
7971
7979
7987
7999
8015
8031
8035
8040
8046
8058
8063
8093
8095
8100
8101
8124
8139
8141
8143
8187
8198
8201
8212
8216
8224
8225
8230
8235
8260
8262
8268
8275
8277
8282
8286
8305
8307
8312
8332
8341
8343
8344
8351
8357
8366
8369
8383
8401
8406
8418
8424
8443
8444
8453
8458
8462
8469
8482
8490
8510
8517
8532
8549
8553
8573
8629
8643
8650
8668
8688
8692
8700
8702
8710
8718
8721
8727
8733
8740
8743
8748
8749
8757
8777
8780
8792
8821
8826
8832
8834
8845
8847
8850
8861
8884
8886
8896
8922
8936
8947
8953
8962
8973
8987
8990
9007
9015
9017
9024
9027
9031
9070
9080
9082
9092
9109
9124
9141
9204
9205
9212
9219
9222
9223
9234
9244
9256
9260
9282
9283
9292
9299
9308
9316
9320
9321
9331
9341
9354
9367
9368
9378
9398
9403
9430
9434
9438
9447
9448
9463
9471
9488
9513
9527
9534
9544
9551
9553
9566
9567
9572
9573
9577
9589
9604
9609
9666
9679
9680
9687
9701
9719
9721
9726
9736
9737
9748
9756
9759
9761
9762
9765
9775
9795
9799
9800
9806
9807
9821
9829
9830
9831
9863
9871
9881
9888
9890
9894
9905
9909
9914
9916
9924
9926
9930
9931
9941
9943
9944
9957
9961
