0
4
9
17
29
44
70
77
86
95
99
133
174
175
180
185
196
200
206
207
211
213
220
227
247
248
249
253
258
261
273
276
302
308
315
333
335
347
355
365
366
397
399
402
405
439
457
479
488
520
534
536
547
563
572
573
576
601
605
607
611
612
613
643
656
657
658
659
663
676
677
678
680
685
706
713
716
719
722
733
736
742
755
760
761
765
766
767
768
794
807
808
825
828
836
860
866
902
910
924
926
930
935
946
965
968
969
977
983
988
1005
1009
1012
1016
1020
1025
1036
1038
1061
1062
1063
1067
1068
1086
1087
1098
1108
1114
1115
1116
1118
1123
1132
1165
1178
1179
1188
1192
1195
1196
1206
1207
1217
1227
1237
1251
1256
1295
1317
1323
1332
1337
1353
1359
1360
1391
1409
1411
1412
1414
1424
1427
1434
1449
1458
1459
1464
1478
1497
1500
1514
1534
1535
1547
1570
1588
1597
1603
1608
1621
1630
1637
1642
1644
1669
1673
1675
1684
1700
1710
1717
1737
1740
1786
1791
1814
1824
1826
1831
1858
1865
1888
1893
1895
1900
1901
1902
1903
1914
1923
1938
1968
1984
2000
2024
2032
2041
2048
2069
2075
2095
2096
2124
2132
2142
2158
2163
2165
2166
2170
2173
2195
2211
2212
2227
2249
2254
2263
2271
2273
2278
2280
2301
2305
2314
2319
2326
2346
2365
2372
2374
2395
2405
2416
2431
2446
2455
2480
2483
2488
2498
2523
2524
2525
2530
2537
2540
2562
2574
2575
2585
2606
2610
2621
2646
2683
2688
2700
2726
2728
2729
2745
2773
2791
2792
2794
2809
2813
2824
2832
2833
2854
2855
2859
2862
2868
2894
2898
2902
2919
2920
2926
2931
2946
2951
2957
2959
2968
2971
2987
3009
3011
3022
3052
3065
3067
3076
3079
3086
3089
3091
3095
3108
3114
3121
3128
3140
3143
3151
3152
3162
3178
3188
3192
3209
3217
3218
3230
3249
3251
3287
3301
3310
3312
3326
3341
3352
3358
3360
3375
3384
3388
3418
3421
3424
3433
3450
3461
3477
3484
3491
3508
3513
3514
3517
3527
3528
3534
3535
3537
3553
3555
3566
3583
3595
3598
3604
3618
3619
3642
3692
3700
3715
3717
3746
3754
3758
3778
3784
3810
3819
3820
3823
3830
3840
3846
3850
3854
3876
3882
3892
3893
3923
3927
3938
3956
3964
3981
3992
4017
4020
4041
4060
4109
4114
4122
4130
4137
4165
4169
4201
4207
4218
4229
4256
4259
4260
4288
4297
4307
4328
4330
4335
4336
4344
4356
4363
4367
4373
4400
4406
4414
4427
4437
4443
4444
4456
4465
4467
4474
4482
4486
4490
4495
4508
4522
4536
4547
4582
4584
4591
4608
4611
4621
4634
4636
4640
4644
4648
4657
4664
4681
4687
4689
4693
4694
4701
4754
4757
4772
4781
4786
4791
4792
4793
4801
4816
4818
4822
4853
4863
4878
4879
4896
4906
4909
4916
4935
4938
4943
4944
4945
5014
5032
5039
5043
5046
5048
5060
5065
5066
5071
5101
5104
5105
5110
5149
5162
5170
5182
5183
5185
5186
5195
5205
5210
5246
5252
5263
5264
5267
5275
5283
5323
5333
5339
5340
5349
5373
5378
5381
5392
5393
5414
5415
5416
5423
5433
5447
5453
5474
5483
5514
5531
5582
5583
5592
5596
5614
5624
5661
5662
5677
5682
5683
5709
5714
5719
5726
5738
5739
5746
5766
5767
5770
5779
5812
5824
5833
5843
5868
5870
5879
5891
5911
5965
5973
5984
6003
6010
6048
6053
6059
6066
6067
6070
6077
6124
6130
6157
6160
6161
6163
6173
6197
6210
6212
6230
6243
6247
6302
6303
6316
6322
6325
6333
6337
6340
6342
6372
6385
6394
6400
6405
6419
6424
6439
6445
6459
6461
6465
6472
6516
6554
6555
6556
6559
6573
6574
6578
6579
6580
6589
6594
6598
6615
6622
6637
6651
6669
6671
6674
6676
6681
6683
6686
6704
6705
6725
6736
6743
6751
6753
6777
6785
6797
6817
6825
6826
6846
6854
6866
6867
6873
6882
6888
6889
6891
6895
6908
6919
6932
6933
6935
6962
6966
6969
6983
6997
6999
7007
7013
7014
7022
7025
7030
7037
7041
7050
7066
7069
7072
7082
7086
7102
7103
7118
7123
7128
7132
7160
7167
7173
7188
7197
7200
7206
7207
7212
7215
7219
7240
7253
7256
7265
7284
7294
7304
7313
7319
7323
7332
7340
7346
7347
7352
7353
7359
7360
7382
7386
7389
7391
7445
7466
7474
7488
7500
7506
7527
7554
7571
7590
7614
7628
7648
7661
7669
7673
7674
7677
7693
7697
7701
7705
7762
7778
7782
7785
7786
7803
7806
7809
7812
7824
7846
7847
7860
7884
7916
7917
7927
7931
7946
7948
7949
7961
7967
7974
7975
7983
7985
7988
8014
8019
8034
8044
8049
8053
8055
8059
8075
8080
8106
8108
8116
8120
8123
8142
8148
8166
8181
8188
8206
8217
8223
8259
8272
8284
8301
8316
8323
8330
8337
8350
8353
8356
8359
8362
8364
8371
8372
8373
8375
8384
8385
8387
8410
8416
8429
8436
8442
8461
8467
8489
8499
8527
8529
8536
8541
8548
8562
8606
8617
8624
8633
8635
8654
8661
8665
8679
8704
8715
8717
8722
8730
8735
8751
8759
8763
8768
8776
8778
8782
8802
8808
8816
8818
8842
8843
8851
8874
8879
8881
8888
8904
8907
8908
8912
8918
8920
8930
8937
8941
8942
8961
8972
8974
8989
8993
9001
9005
9008
9042
9063
9068
9095
9096
9102
9107
9133
9140
9146
9149
9161
9165
9175
9182
9196
9210
9231
9238
9255
9264
9265
9266
9268
9286
9300
9313
9319
9327
9335
9355
9365
9369
9370
9374
9377
9388
9404
9426
9428
9432
9433
9436
9450
9454
9469
9470
9482
9485
9492
9497
9525
9528
9548
9557
9564
9590
9620
9632
9656
9668
9685
9691
9693
9703
9706
9708
9713
9716
9723
9734
9757
9776
9784
9787
9794
9798
9801
9804
9827
9842
9859
9862
9867
9875
9892
9895
9900
9908
9921
9946
9950
9951
9983
9988
9991
9996
