78
89
97
116
171
192
194
208
259
337
371
403
406
441
469
505
530
541
594
610
674
687
727
811
851
989
994
1140
1202
1213
1282
1293
1305
1396
1397
1399
1486
1496
1516
1576
1592
1625
1674
1736
1837
1924
2106
2122
2139
2262
2307
2355
2382
2398
2427
2457
2467
2473
2511
2558
2650
2653
2671
2725
2734
2744
2769
2793
2915
2917
2935
2937
2997
3019
3041
3055
3074
3090
3179
3197
3214
3423
3520
3548
3588
3591
3592
3629
3680
3843
3888
3988
3989
4056
4065
4068
4104
4140
4142
4224
4281
4315
4391
4401
4423
4425
4538
4574
4592
4604
4613
4691
4734
4900
4905
4969
4976
5082
5096
5100
5111
5129
5151
5189
5258
5259
5364
5395
5456
5550
5587
5664
5676
5749
5789
5836
5859
5877
5887
5960
6006
6079
6118
6154
6170
6189
6232
6273
6406
6409
6480
6494
6497
6593
6738
6794
6957
6968
7175
7204
7208
7209
7236
7283
7297
7299
7419
7509
7552
7657
7730
7796
7980
7982
8006
8069
8251
8481
8584
8785
8844
8858
8891
8975
9065
9111
9176
9240
9276
9304
9311
9546
9587
9588
9608
9749
9868
9933
9970
9975
