22
33
131
143
234
243
422
450
494
651
801
865
936
1042
1152
1228
1276
1341
1375
1392
1429
1430
1437
1442
1465
1469
1529
1628
1641
1654
1735
1781
1810
1840
1851
1875
1892
1905
1910
1967
1969
2002
2057
2109
2210
2272
2300
2315
2464
2533
2605
2607
2616
2694
2714
2756
2782
2810
2825
2900
2913
2973
2995
2999
3120
3139
3170
3211
3290
3325
3354
3394
3622
3666
3762
3768
3794
3809
4030
4032
4052
4054
4071
4116
4146
4174
4283
4323
4361
4492
4541
4555
4572
4647
4710
4814
4861
4908
4932
5001
5300
5410
5450
5451
5473
5488
5525
5547
5554
5556
5611
5644
5672
5700
5758
5813
5817
5840
5865
5893
5912
5996
6008
6032
6214
6311
6321
6336
6382
6399
6422
6451
6541
6656
6790
6810
6872
6887
6918
6946
7182
7198
7321
7351
7402
7460
7462
7548
7587
7588
7613
7629
7634
7643
7724
7748
7780
7794
7854
7934
7956
8017
8020
8028
8098
8122
8155
8190
8239
8264
8271
8378
8470
8620
8638
8644
8651
8658
8728
8825
8846
8864
8935
9014
9025
9056
9059
9172
9284
9287
9298
9336
9361
9380
9396
9465
9585
9633
9652
9835
