70
133
175
180
185
206
247
248
249
308
347
355
402
439
479
488
547
572
611
612
656
678
733
767
807
825
935
983
1009
1108
1116
1206
1256
1317
1353
1360
1411
1459
1514
1603
1621
1669
1717
1826
1858
1923
1968
1984
2096
2165
2166
2211
2227
2254
2319
2346
2365
2374
2405
2416
2431
2575
2700
2729
2824
2987
3022
3065
3140
3151
3152
3326
3341
3352
3421
3424
3477
3595
3642
3758
3778
3823
3830
3840
3846
3892
3927
3956
3964
3992
4017
4114
4165
4218
4328
4330
4400
4467
4486
4495
4547
4636
4644
4681
4772
4818
4896
4906
4935
4944
5048
5066
5101
5105
5210
5264
5378
5416
5423
5596
5661
5677
5714
5719
5766
5911
5965
5984
6003
6048
6302
6303
6340
6372
6385
6554
6573
6578
6589
6622
6725
6736
6825
6826
6846
6866
6882
6888
6997
7037
7069
7123
7132
7200
7294
7323
7340
7347
7382
7571
7614
7628
7661
7782
7786
7917
7931
8034
8120
8123
8181
8259
8353
8385
8410
8429
8489
8617
8759
8776
8881
8888
8908
8920
8930
9063
9102
9140
9210
9313
9327
9497
9525
9632
9708
9723
9734
9950
9988
9996
