40
73
93
110
323
384
465
471
492
555
585
695
720
830
854
886
894
901
933
954
1155
1242
1281
1307
1331
1336
1402
1466
1491
1495
1521
1583
1631
1651
1690
1829
1856
1871
2218
2293
2489
2515
2599
2629
2679
2715
2718
2863
2875
2940
2994
3021
3026
3098
3134
3167
3258
3268
3283
3294
3315
3353
3368
3400
3442
3507
3525
3582
3620
3676
3709
3790
3799
3833
3883
3909
3937
3997
4003
4025
4160
4168
4193
4235
4265
4287
4306
4310
4450
4600
4756
4836
4842
4846
4847
5033
5035
5058
5196
5206
5217
5228
5233
5244
5248
5319
5368
5406
5449
5510
5533
5651
5693
5713
5716
5904
5909
5991
6060
6063
6071
6106
6123
6175
6177
6226
6256
6310
6344
6378
6416
6484
6507
6513
6553
6572
6711
6756
6853
6884
6902
6910
6914
6984
7099
7100
7130
7146
7155
7185
7223
7452
7532
7542
7562
7658
7687
7843
7879
7945
7963
8117
8126
8144
8192
8208
8288
8334
8355
8377
8398
8460
8512
8515
8544
8595
8623
8673
8697
8734
8738
8857
8910
9055
9118
9119
9213
9262
9277
9324
9493
9529
9532
9540
9634
9660
9681
9808
9898
9954
