56
126
153
205
232
241
304
307
454
455
477
507
593
944
960
972
1018
1022
1031
1099
1130
1204
1219
1221
1257
1259
1280
1477
1537
1627
1668
1723
1841
1894
1922
1925
1999
2026
2040
2099
2114
2190
2255
2317
2334
2423
2433
2462
2529
2581
2633
2703
2708
2780
2882
2887
2908
3053
3078
3099
3160
3227
3275
3300
3365
3494
3505
3531
3554
3609
3617
3679
3688
3787
3837
3849
3878
3919
3928
3934
3991
4013
4080
4133
4173
4175
4220
4296
4377
4417
4463
4496
4511
4543
4612
4760
4903
4920
4953
5042
5099
5114
5238
5302
5303
5370
5399
5407
5445
5497
5675
5704
5727
5755
5842
5871
5883
5981
6022
6061
6135
6155
6187
6199
6289
6359
6365
6413
6418
6491
6601
6652
6675
6684
6699
6757
6772
6842
6852
6879
7179
7194
7221
7464
7492
7561
7580
7585
7611
7769
7819
7832
7852
7895
7986
8039
8119
8135
8158
8204
8207
8209
8215
8246
8303
8306
8311
8315
8336
8342
8347
8392
8399
8428
8434
8454
8478
8539
8557
8574
8590
8603
8618
8709
8800
8906
8985
9032
9040
9116
9406
9453
9518
9744
9767
9873
9878
9906
9932
9992
