 2941
 8353
 9959
 5263
   13
 3245
  269
 8405
 2819
 7884
 6645
 5007
 4834
 8119
 1968
  710
 2878
 3589
 4110
 9259
 5671
 6137
 4777
 7143
  561
 1783
 4386
 8837
 2149
 7283
 3199
 8960
 6217
 3456
 2526
 4827
 7759
 8942
 5161
 8847
 1525
 2211
 7766
 1788
 6925
 3667
 8795
 4822
 7753
 9780
 4731
 9560
 4406
  605
 7198
 6705
 4266
 4952
 8768
   93
  562
 7298
  901
 7906
 9226
 1214
 7983
 1119
 9584
 7525
 3457
 5167
 4010
 1629
 3651
 1894
 5630
 1920
 1180
 6488
 4828
 4773
 9617
 6949
 6639
 1749
 1532
 8757
 1615
  623
 7824
 8261
 4001
 5386
 2698
 9802
 5361
 8033
 3190
 9966
 5531
 7149
 5964
 8736
 4315
 9524
 5014
 5947
 3394
 7926
 7754
 3327
 9578
 1657
 8472
 5887
  660
 4957
 9109
 3009
 1177
 8984
 9167
 2161
 2726
 9953
 8382
 3292
 2762
  409
 5475
 7037
 6398
 7489
 7978
 3488
 5288
 8867
 3027
  859
 5696
 2443
 2847
 7470
 7893
 3031
 8764
 2320
 2709
 9961
 7789
 4223
 8551
 3781
 2175
 3489
 9536
 2870
 6610
 9041
 7389
  261
 7550
 3913
 3795
  927
 6876
 7762
 4658
 2516
 2875
 5242
 3602
 9821
 1317
   90
 2482
 8377
 5445
 1854
 8901
 9366
 5462
 5180
 8239
 9463
 7500
 1125
 1606
   52
 4071
 1019
 1333
 4087
 3840
 2425
 1412
 9342
 7318
 2081
 4648
 7215
 2674
 9729
 8105
 4848
 9197
 2533
 7042
 1559
 8988
 4450
 4150
 5517
 4690
 4600
 9860
 2908
 4133
 5354
 5809
 5461
 2371
 7193
  850
 7949
 3866
 5572
 5099
 8589
 1452
 4748
 9853
  798
 8534
 9942
 2853
 3928
  278
 9388
 5330
 1981
 5735
 1843
 6471
 2629
 6187
 7623
  570
 5965
 6103
 2048
 8751
 8131
  454
 2483
  296
 4238
 9832
 2660
 5758
 5582
 6446
 5032
 8479
  384
 7086
  503
 3448
 2136
 2907
 3722
 7924
 9308
  980
 7669
  366
 3548
 3310
 7655
 6206
 5293
 7100
  806
 5094
 5620
 1307
 5178
 7165
 3674
 3185
 7231
 4621
 7474
 7409
 7574
 1370
  584
 2679
 9839
 3818
 2489
 1157
 1124
  630
 5197
 9531
 5782
 7444
 8586
 5326
 3425
 6113
 1395
 4965
 2547
 2636
 5614
 2893
   83
 4206
 8350
 5504
 8264
 6139
 9744
 1912
 1600
 7413
 5898
  281
 3903
 4358
 9993
  430
 5742
 2772
 3519
  727
 5705
 4797
  350
 1416
 5478
 3177
 2099
 5444
 2023
 1571
 9255
 8147
 4398
 8054
 4115
 9948
 4566
 4212
  236
 3227
 6593
  247
 5510
   77
 3119
 9449
 4880
  549
 5115
 3066
 4039
 8223
 7637
 9634
 2063
 9265
 2385
  310
   92
 4679
 9781
 2815
 4758
 5798
 2689
 6323
 5239
 8913
 3441
 1281
 2763
  229
 5768
 5060
 7640
 6505
 7136
 8447
 5753
 6300
 8202
 2994
 9705
 9914
 9117
 8396
 7907
 1576
 5365
 3539
 6936
 1415
 2725
 9592
 3278
 6621
 9678
 3954
 7617
 2343
 5961
 2794
 8388
 5319
 8790
 5345
 1483
 2380
 8686
 8434
 8055
 5586
 3838
 2554
 1517
 9936
 8805
 1475
 5547
 6453
 6129
 6414
 4189
 2695
 7129
 8747
  862
 4972
 3801
 6965
 4106
  950
 2553
 6220
 8598
 8113
 8785
 1938
  338
 1631
 5997
 6973
 8846
 4697
 1670
  202
 6405
 1200
 3174
 4663
 5334
 5072
 3257
 7692
   99
 5565
 1406
 6875
 5836
  455
 8346
 3942
 7262
 7652
 1614
 2286
 3521
 7570
 4666
 5359
 2213
 4562
 5896
 1435
 1634
 9771
 8077
 5398
 8463
 1560
 5765
 5794
 1680
 2386
 4351
 9319
 6860
 4167
 1459
 8529
 4982
 9577
 5500
 9128
  284
 4549
 6731
 5272
 5835
 9418
 9925
 1890
 1551
 9915
 4345
 8237
 7058
 6422
 9686
 2284
 1569
 1267
 1860
 2051
    7
 5962
 6041
 2925
 2008
 3225
 4121
 9185
 6097
  103
 5946
 6501
 4008
 2750
 6921
 2169
 3090
 4625
 8863
 6687
 9415
 5847
  858
 3725
 7701
 3957
 2405
 8562
 3729
 2883
 1832
 7179
 6294
 7696
 7572
 4024
 7421
 2518
 1878
 2846
 4671
 2979
  251
 9624
 6677
 4750
 2333
 6280
 1886
 4882
 2607
 2036
 3747
 1221
 8254
 1508
 3269
 5429
 7775
  785
 4650
 4319
  776
 7353
 6507
 6308
 8938
 8225
 2686
  450
 2026
 8226
 2056
 2496
 1656
  705
 5001
 1707
 7412
 1421
 4379
 2947
 5596
 8852
 9382
 6767
 2183
  860
 1218
  684
 5721
 7312
 7727
 5351
 7599
 2109
 8748
 9889
 5119
 9844
 3699
 1799
 3472
 3290
 7953
 3387
 8189
 4329
 6346
 7310
 8662
 5982
 8694
 7560
 1065
 2512
 2234
  342
 4574
 2156
 5103
  154
 8544
 6443
 4132
 3898
 8065
 2858
 9081
 3307
 3839
 9443
 2874
 1999
 8595
 4364
  184
 8066
 4467
 6580
 2641
  995
 9797
 3736
 9394
 5179
 1678
 2744
 1411
 3590
 2172
 3103
 9199
 8321
 7177
 9506
 4196
  273
 9765
 5208
 3102
 8362
 3686
 4022
 6778
 2256
 9975
 6134
 9348
 7368
 7349
 4978
 9304
 3947
 7720
 9243
 4733
 4369
 3718
  442
 5871
 3296
 8966
 3451
  497
 3042
 3385
  803
 6829
 9482
 8385
 7251
 7921
 5369
 2082
 1005
 9949
 7486
 8992
 5388
 5976
 3366
 5838
 3159
  429
 2471
 6922
 6771
 9621
 9864
 2678
 9211
 5274
 9694
  496
 2951
 9719
 3837
 7650
 6255
 5209
 3071
 1170
 9196
 8351
 6662
 4831
 9921
 4560
 4944
 9340
 2631
 7564
 2917
 4990
 6185
 5818
 1247
 6355
 3110
 5983
 6319
 5118
 5418
 6509
 1025
 1592
 7030
 4705
 6495
 4912
  766
 9872
 8305
 9452
 9927
 9209
 6190
 3582
 5743
 3983
 3188
  567
 7619
 4458
 6869
 8017
 7463
 2950
 1379
 9529
 2829
 2655
 5434
 5672
 5350
 7124
 8800
  385
 4003
 8170
 9505
 4908
 1862
 5549
 9688
 7791
 4443
 5055
 7130
 7453
 6916
  462
 5021
 1952
 4415
  478
 6710
 2073
 4326
 3943
 9939
 1636
 1286
 2668
 4559
 8273
 1468
 8755
  536
 7880
 8861
 2991
 4460
 8364
 1625
 2626
 9057
 9296
   96
 6292
 3720
  186
 2039
 8134
 4328
 7097
 3357
 6285
 2820
 1394
 2298
 3204
 6326
 1087
 7956
  252
 4595
 4736
 7008
 8199
 8993
 9669
 7189
 4500
 4316
 4581
 9901
 5885
 6377
 1111
 1008
 9502
 3930
 4094
   23
 9824
 9399
 2410
 2663
 4402
 7675
 4873
 2777
 4585
  460
 3700
 9814
 6289
 1015
 8103
 7576
 5282
 2291
 9804
 9871
  117
 8201
 1163
 1388
  518
 4233
 5291
 9638
 6640
 2012
 3248
 8660
 5400
 8112
 8007
 2960
  102
 4665
 7657
 3841
 6699
 9815
 3424
 5271
 4896
  405
 1915
 8865
 5749
 7870
 5842
 9453
 3238
 5707
 6805
 6195
 9151
  892
 2236
   24
 2624
 3088
 3550
 7689
 1440
 7094
 8073
 5155
 3431
 9216
 7184
  209
 4661
 2431
 9768
 9024
 1321
 2282
 9429
 6685
 9535
  197
 3334
 8921
 1375
 2779
 9562
 6198
 3154
 9619
 1096
 4064
 2596
 7683
 4336
 5038
  871
 7586
 2727
 4348
 4646
  786
 7432
 5249
 6066
 4290
 7877
 6718
 8290
 9125
 5594
 7082
    5
 8163
 6644
 6834
 6754
 2327
 4098
 9599
 6740
  347
 4428
 3666
 9749
 3873
 3857
 5800
 2313
 3275
 6394
 5281
 2513
 3753
 9834
  378
 3015
 1138
 7328
 4604
 9558
  545
 2639
  305
 3710
  832
 3444
 2279
 8926
 1012
 6696
 4685
 7126
 9910
 8777
 4187
 3256
 9079
 4229
 4009
 7208
 9087
 1204
 7181
 6745
 9406
 9972
 6037
  575
 1669
 7411
 2003
 9648
 6604
 3021
 8291
 9896
 3261
 5652
 3135
 5468
 5137
  381
 1649
 5163
 4583
 6774
 1353
 5063
 5841
 1806
 8588
 9985
 2094
 7319
 7307
 1154
 7792
 1329
 7636
 6290
 2738
 6457
 1503
  227
 1482
 3834
 5618
 5070
 8880
 3022
 5128
 9206
 1688
 6467
 2528
 5779
 4079
 9263
 1467
  348
 3631
 6870
 2788
 5194
 6170
 8950
 7773
 6679
 8918
  791
 1271
 7509
 3497
 2843
 5737
 3226
 1311
 1598
 9763
 9704
  718
 8190
 9857
 9373
 8272
 2717
 3435
 3069
 7616
 6813
 1463
 2142
 1604
 3280
 3371
 7635
 5785
 1233
 5329
 7548
  960
 3964
 4474
 6175
 2529
  686
 2444
 7904
 9614
 6684
  953
 8115
 8459
 1262
 6587
 5642
 3035
 4107
  179
 8793
 3083
 8336
 9208
 6624
 5804
 2887
 3561
 4540
 9905
 1303
  947
 2280
  757
 5555
 3229
 7512
 1234
 4396
 5481
 2831
 3271
 5646
 1269
 6857
 3323
  949
 3683
 5096
 4488
 1957
 7535
 2455
 7454
 1141
 6385
 4101
 5201
 6386
 6594
 8922
 7358
 1026
 3279
 4341
 3908
 8991
 3320
 8308
 8526
 8873
 3433
  137
 2495
 5805
 7280
 3129
 1067
 4893
 7861
 1430
  490
 1797
 7999
 6931
 3303
 6436
 1102
 9776
 4066
 6158
 3486
 8004
 1978
 7928
 2229
  663
 5015
  357
  211
 8484
 2092
 9610
 1926
 9792
 3272
 1818
 9318
 2969
 9215
 2117
 1801
 5256
 3239
 4160
 2619
 8647
 9351
 8681
  731
 7840
 5253
 7573
 2382
 2827
 4561
 9835
 8094
 9172
 3717
 3731
 6648
 6715
 4850
 8270
  493
 1861
 2208
 2605
 4518
 3879
 7022
  823
 1846
 9964
 4613
 3461
 3142
  240
 2559
 3434
  274
 7846
 7501
 7796
 7495
 5546
 1369
 7354
 2782
  681
 4492
 7684
 9353
  758
 7869
 5323
 3156
 8435
 6013
 2220
 3346
 6553
 4712
 8269
 9323
 3285
 9973
 3853
 8892
 3971
 5495
  226
 9692
 7290
 5797
  807
 7527
 6445
  946
 2859
 5764
 3823
 1662
 1277
 4245
 7401
 4127
 7359
  411
 8627
 7967
 6980
 9840
 3416
  926
 4745
 4194
 4590
 8934
 4798
 5337
  587
 6972
  707
 6595
  143
 2428
 4577
 8118
 7175
 7460
 7101
 9137
 2902
  105
 4296
 8370
 8943
 6596
 7763
 7019
 9225
 7876
 1063
 8756
 2566
 9576
 4083
 9040
 5257
 6981
 6336
 4095
  977
 8642
 7544
 3236
 6951
 3002
 8911
 8931
 4028
 8071
 1037
 5781
 4956
 9417
 9289
  201
 2345
 4801
 2572
 9590
 1948
 9827
 6212
 4766
 1018
  373
 6277
 3629
 5740
 9122
 7715
 4989
 6992
 5778
 9142
 3756
 9909
 2155
 2452
   62
 5245
 6635
 8937
 6762
 5663
 2583
 3419
 8372
 6564
 4564
 3556
 5528
 5720
 5648
 1748
 9065
 2585
 5925
 7719
 8357
 8477
 6209
   36
 4436
 9450
 7920
 6191
 1108
 2328
 8215
 5981
 3828
 8302
  307
 5939
 2137
 5552
 7438
 9403
 2522
 3677
 8726
 9386
 3306
 1207
  869
 2185
 1842
 1053
  326
 5240
 7746
 8624
 9637
 9630
 8217
 5423
 6828
  413
 4958
 1491
 1210
 7481
 4089
 5736
 4176
 3508
 2491
 8606
 9305
 6073
 7821
  287
 6990
 7699
  422
 9666
 3765
 6239
 4714
 7013
 5383
 5472
  755
  394
 5661
 2998
 1171
   17
 7429
 4477
 9236
  624
 3623
  608
 5895
 7908
 3787
 1155
 6681
 4327
  765
 6388
  856
 5860
 8794
 1001
 1296
 4964
 1101
 8558
 9271
  691
 6815
 1362
  238
 2862
 3970
 2830
 3458
 4967
 2245
 1144
 8032
 2248
  740
 7922
 4751
 7828
 9135
 3867
 1557
 7061
 1892
 3195
 3231
 5217
 1864
 6776
 2939
 5951
 9603
 8168
 5757
 8232
   44
 8454
 7934
 8456
 1331
 8503
 5172
 4276
 6162
 5091
 8869
 6460
 7038
  448
 2354
 5322
 2226
 7071
 7260
 6614
 8347
 2349
 8082
 4913
 7397
 1316
 9444
 2314
 1251
 8504
 6065
 5338
 8250
 1189
  746
 5176
 2538
  599
 2295
 4770
 9984
 3317
 6404
 8453
 4082
 5336
 5604
 2153
 3460
 4862
 1261
 5697
 2677
  306
 8182
 5857
 5988
  138
 1034
 7991
 8486
   21
 9534
 5660
 6318
 3240
 1393
 1023
 4054
 6886
 4153
  471
 2486
 5776
 6811
 5861
 4359
 5452
 4417
 2507
 7247
 9731
 1429
  148
 5943
 3814
 3075
 4904
 1762
 8771
 8096
 5605
 7729
 3430
 1373
  958
 7399
  780
 4948
 9278
 8028
 8711
 7888
 4362
 4424
 6756
 4388
 1619
 6517
 4475
 8573
 3894
 7396
 1844
 3013
 1734
 6545
 7324
  957
 5101
  646
 2577
 3044
 7311
 5056
  127
 7236
 9957
 7077
 3446
 4575
 2350
 3603
 9748
  311
 9646
 8114
 5151
 2262
 6222
  812
 9657
 4399
 8781
 6830
 5647
 1348
 5823
 1839
 3593
 9152
  797
 1831
 4695
 5889
 3523
 6820
 1208
  943
 5411
 7076
  572
 3510
 9264
 9652
 7304
 3920
 1966
 2193
 2365
 2448
 6204
 5631
 1289
 2140
 9420
 9816
 9013
 7591
 6810
 7685
 5148
 7734
 3735
 7992
 9229
 5043
 8088
 5285
  914
 1899
 7347
 9682
 2850
 2417
 5888
 8738
 3594
 1951
  516
 3659
 4889
 4643
 4235
 6765
 1178
 6451
 7049
 6968
 7054
 1515
  537
 9553
 3469
 9437
 6002
 1249
 9526
 5401
 9284
 4301
 2069
 3060
 5533
 6708
 1014
 6542
 4361
 1655
 4895
 8667
 2000
 5422
 1792
 5068
  100
 9326
 2910
 6120
 6958
  810
 1485
 3984
 3993
 2861
 5034
 3183
 5463
 4339
  574
 6755
 8089
 7379
 4809
 1255
 9368
 9203
  934
 9052
 7162
 7224
 8216
 4427
 4438
 6989
 2480
 1870
 4567
 6912
 8699
 1134
 6376
 1698
 6945
 8022
 7724
 6701
 6283
 9480
  979
  652
 4221
  698
 5089
 2767
  756
 8817
 9103
 6397
  359
 4041
 4340
 6537
 2884
 9343
 7744
 6510
 6342
 8579
 5304
 8682
 1449
 3899
 1522
 3094
 1295
 3354
 5117
  898
 1002
 1343
  507
 4628
 3173
 5791
 6786
 2159
 3810
 3750
 1784
 7627
 4371
 5748
 3356
 7074
 3615
  243
  661
 6907
 9550
 1937
 4248
 6075
 3124
 5532
 7233
 2824
 1236
 5801
 1787
 2366
 1962
  486
 1526
 5654
  890
 4496
 3806
 2233
 1011
 9426
 8820
   55
 7809
 3579
 2869
  521
 7957
 9472
 4495
 4634
 3420
 1069
 8079
 2240
 2189
 9063
 8019
 1660
 1873
 7844
 7499
 1194
 8803
 7085
 2576
 6609
 2049
 6918
  955
 1203
 2632
 6208
 8130
  255
 4462
 1084
 2445
 6095
 1094
 6362
 4103
  793
 2706
 9493
 4136
 1237
 9130
  742
  546
 8717
 3098
 2836
 7726
 5912
 2964
  257
 8834
 9440
 9404
 8725
 1357
 4701
 3746
 5876
 2720
 3751
 7931
  291
 3169
 1534
 3610
 8666
  339
  828
 7827
 2549
 6126
 3057
 4778
 1458
  476
 8142
 1266
 8801
 7316
 1781
 2848
 8086
  844
 8693
 5455
 5655
 8167
 4013
 3946
 4906
 2956
 2272
 1884
  973
 8231
 6016
 4962
 4580
 8177
  772
 4596
 9154
 7752
  376
 9174
 7505
 8091
 8373
 3536
 2115
 8048
 3361
 5360
  817
 9675
 6703
 7041
 8457
 6544
 9392
 5036
 6716
 2247
 5715
 8972
 1777
  728
 7534
 4232
 4996
 2602
 3089
 4310
  748
 2982
 3299
 1967
 9253
  482
 8219
  905
 5190
 5762
 5428
 8289
 1049
 9881
  965
 5377
 8806
 7418
 5984
 7230
 2177
 9545
 2024
 2038
 1225
 4239
 9724
 4532
 5856
 2958
 1258
 8556
 9906
 8145
 8009
 5640
 5561
 8027
 3819
 6785
 6606
 5312
 2335
 5704
 4384
 7103
 7373
 2573
 4608
 2765
 4349
 6423
 4125
 9547
 2661
 4191
  147
 3365
  440
 8990
  580
 3636
 1992
 2235
 5159
 3437
 1891
 5328
 3243
 5255
 8257
 6552
 2267
 5199
 1904
 1800
 8672
 2143
 7656
 9171
 8746
 3849
 5692
 6966
 8882
 7441
 3463
 1450
 7713
 6750
 9509
 5046
 8851
 2209
 8520
 9963
 7069
 4722
 8469
 8442
 1127
 8540
 4511
 8081
 1242
 9596
  782
 1051
  453
 2121
 3340
  530
 1639
 3591
 8271
 8727
 4222
 2457
  597
 8224
 5436
 3028
 6234
 8300
  864
 7192
 6163
 6184
 6941
 4145
 8885
 1368
 3127
  298
 3554
  809
 2225
 7434
 1907
 1057
 4937
 1493
 5643
 9711
 1524
 5840
 9525
 7780
 2838
 9039
 9479
  831
 2376
 1500
 3246
 4463
 8084
 7681
 1703
 1690
 9030
 2987
 5628
 9446
 9193
 5335
 7597
 6808
 1086
 7858
 9230
 7504
 1358
 4199
 4547
 5683
 8971
 4283
 6224
  829
 5874
 8413
  678
 5280
 6094
 6183
  475
 4293
 8775
 7289
 6108
 3938
 8522
 3518
 3672
  302
 8773
 7990
 7741
 2461
  846
 1997
 6361
 1466
 1764
 9734
 3900
 6761
 8080
 4434
 3824
  642
 6052
 4591
  816
 3890
 1590
 4985
 8110
 1202
 9775
 3313
 5408
 5048
 4385
 9770
 7303
 7707
 4253
 5286
 9082
  918
  820
 5863
 6299
 1272
 1675
 8125
  235
 7375
 7081
 1436
 3372
 5918
 4680
 5122
 3442
 9983
 6987
 5883
 4085
  676
 1652
 1133
 1498
 9218
 1640
 6074
 5678
 1982
 5850
 4437
 4868
  880
 1833
 9164
 3939
 4639
 1400
 1642
 9227
 7948
 5709
 9716
 5995
  872
 1378
  627
 7615
 9380
 7083
 8507
 2877
  697
 1447
 6938
 1176
 1213
 5645
 9938
  248
  219
 8330
 8904
 6519
 6988
 1061
  120
 9513
 5320
 6930
 5083
 7602
 2822
 3535
 5107
 5738
 4570
 1160
 4696
 2954
 8580
 1739
 9728
 1588
 9899
 1732
  643
 2397
 5129
 6997
 3616
 8148
 4847
 6571
 6788
 9494
 4935
 7783
 2273
 3019
 2508
 8982
 9010
  557
 1054
 2290
 2146
 2485
 2222
 4004
 5188
 4761
 5635
 2062
 4168
 1335
 9745
 8421
 5633
 3685
 6575
 4453
 8160
 3545
 8769
 6742
 2872
 6172
 2970
 2784
 1913
 8375
 9497
  964
 5944
 3187
 5182
  774
 8596
 4704
 9845
 8687
 2502
 4163
 7731
  479
 7498
 7084
 9994
 9286
 3541
 2975
 6661
 6271
  215
 8956
 3822
 1122
 1216
   53
 2077
 7040
 3537
 8295
 8856
 9658
  109
 8482
 5846
 5512
 8001
 1092
  167
 9457
 4302
 3637
 5595
  617
 2310
 1285
 4081
 5870
 2323
 5523
 3995
 3203
 4452
 5138
 2768
 1755
 2319
 9891
 4425
 2839
 6942
 3860
 3793
 2195
 4311
 5050
 9805
 1946
 7468
 2281
 7950
  609
 9411
 2191
 1911
  723
  412
 9248
 1603
  952
 7625
 8192
 1955
 6636
 9234
 3563
 3796
  199
 9202
 4045
 4968
 1991
 7750
 2892
 5487
 2625
 3855
  224
 1585
 4699
 3829
  397
 3233
 7811
  203
 2470
 6527
 5321
 8704
 9350
 1885
 1874
 1050
 3281
  665
 8383
 2540
  230
 7408
 8464
 3869
 9895
 3467
 5465
 8822
 4830
 2899
 6130
 7562
 9339
 2217
 8965
 4073
 9008
 3698
 3990
 3779
 4142
  968
 8235
  333
 6790
 4980
 4645
 4023
  110
 3586
 6448
 9261
 3656
 6123
 5845
 2580
 2851
 7234
  501
 4656
 1840
 9726
 4324
 1587
 9397
 1248
 1717
 4483
  425
 8301
 8284
 9329
 5368
 8845
 1949
  554
  259
 6046
 3473
 2973
 5225
 5222
 9591
 9262
  588
   63
 5843
 7972
 5449
 5073
 6884
 3821
 6254
 1974
 7855
 3809
  382
 2997
 5469
 7546
 6548
 9075
 5685
 8414
 8542
 1621
 7714
 5773
 9685
 3265
 4440
 7433
 2535
 8187
 5560
 7361
 9586
 9741
 3213
 8701
 3551
 2915
 6360
 5875
  651
 3070
  294
 2021
 1291
 6498
 1270
 8533
 7989
 2325
 6975
 2367
 5974
 3874
 4069
 2266
 5232
 8986
 9076
 5522
 7245
 9376
 3825
  818
 4976
 8035
 5371
 7240
 1742
 9132
 6996
 4053
 8294
 8875
 5637
 6535
 7477
  505
 5820
  939
 4207
 1738
 1404
 2206
 1855
 4593
 6186
  223
 4891
 2597
  555
 8368
 3409
 4408
 6883
 5394
 9808
 3513
 6136
 2761
  160
 7400
 7364
 9337
 6983
 2926
 7047
 5807
 6409
 2277
  726
 4265
 5739
 6620
 2199
  685
 2880
 6939
 3941
 3148
 9113
 2239
 7239
  689
 6991
 1953
 2914
 2770
   26
 1805
  677
 7057
 1268
 2873
 5479
 5902
 8555
 9806
 9557
 8418
 2990
 2307
 1668
  839
 3300
 7878
 8729
 4865
 9602
 1950
 3584
 9377
 2228
  655
 7067
 6675
 9015
 1259
 3215
  123
 2006
 4380
 2634
   51
 7843
 7919
 8996
 2934
 4720
 4200
 8953
 2920
 3922
 2981
 1230
 4366
 1024
  936
 8303
 7157
 3333
  512
 6383
 4372
 7530
 4782
 6526
 9021
 6007
 7704
 2144
 4272
 2613
 9598
  438
 6476
 7800
 7604
 5923
 5157
 3567
 4932
 5844
 8810
  903
 1334
 4851
 6231
 3302
 7641
 2120
 5897
 8673
 5212
 5364
  548
 8724
 3812
 5260
 1887
 4531
 8959
 9205
 3263
 7398
 8057
 8011
 2032
 5839
 8181
 5460
 9356
 1605
 7050
 7073
  808
 6923
 6627
 5121
 4126
 4903
 8186
 5029
 7423
 7172
 5246
 9980
  162
 4279
 4640
  267
 8754
 7682
 8564
 8813
 5644
 3331
 2019
 1195
 1552
 5198
 7927
 7916
 3348
 3182
 9006
 2515
 8060
 2722
 8247
 1080
 6111
 5349
 7154
 1786
 6926
 9119
  866
 4963
 3974
 4269
 6322
 1469
 2316
 9820
  969
 3702
 2656
 9626
 9037
 5391
 1029
  984
 2967
 7212
 8002
 4170
 2472
 4065
 4526
 8197
  322
 1778
 8876
 1384
 1310
 3688
 4183
 7116
 1201
 9976
 8297
 6807
   67
 7994
 4928
 8732
 4863
 7939
 3987
 9677
 3644
 8378
 5506
 2849
 2800
 8890
  165
  461
 2510
 5130
 5503
 8506
 2789
 7516
 3029
 4260
 4252
 9240
 8761
 4256
  158
 8391
 9837
 3706
  513
 7309
 1923
 3010
 1423
 7508
 9371
 4016
 7798
 7261
 1507
   56
 5562
 6465
 6039
 2715
 9954
 8714
 2866
  272
  489
 9696
 5170
 5065
 3353
  695
 8310
 8976
  481
  547
 9718
 7889
 1427
 5013
 9324
 7447
 6896
 9660
 6967
 8767
 8379
 1297
 2469
 7708
  189
 7325
 7170
 6325
 3415
 5684
 5884
 8941
 9516
  761
 4949
 8566
 3669
 3976
 3507
 7982
 9036
 1921
 5600
  104
 5078
  370
 4558
 7553
 9866
 6235
 3052
 8962
 7774
 6880
 8460
 4993
 4760
  283
 6086
 6591
 5916
 3314
 6969
 2591
 3944
  323
 6832
  709
 8051
 7710
 5574
 2712
 9111
 3250
 9372
 6802
  981
 5693
 6033
 7787
 7677
 8430
 9575
 4080
 8416
 6023
 7629
 7393
 3341
 1757
 3956
 4815
 9916
  579
 8683
 4631
 6792
 9184
 9422
 9700
 5789
 3776
 3638
 4240
 8359
 6395
 2131
 9943
 1206
 9625
 4343
 3528
  487
 4756
 4060
 6796
 4637
  470
 8692
  522
 6721
 6357
 6478
 8639
 9139
 8774
 5616
 3958
 3741
 2984
 8389
 9471
 4058
 5134
 6001
 6021
 8422
 3926
   82
 5426
 6632
 6015
 7322
 1288
 7913
 5053
 2231
  920
 5852
 2999
 2600
  628
 9408
 8467
 9028
 8465
 7812
 1562
 2308
 8135
 2552
  452
 7317
 3125
 3244
  928
 6059
 9062
 1918
 1575
 4140
 8390
 3132
 7419
  222
 9116
 6578
 3133
  218
 7529
 7666
 8538
 8821
 8599
 4147
 1442
 4055
  725
 4799
 4494
 8802
 5767
 8574
 5833
 5482
 3242
 1704
 5126
 4099
 1721
 4420
 6592
 9233
 4188
 3885
 8481
 2100
 1798
 5074
 7660
 1481
 9292
 7778
 8788
 9179
 7785
 1239
 9664
 8069
 1747
 1925
  415
 3881
 7302
 9168
 3171
 9294
 6236
 7213
 3912
 4781
 9999
 1709
 9249
 5419
 8645
 5027
 6682
 7264
 4218
 7308
 7263
 6757
 9044
 4487
 3495
 7985
 1188
 6929
 6534
 3198
 7326
 7214
 1700
  573
 6623
 4285
 3555
 7407
 2834
 6489
 6267
 7670
 6904
 9795
 4717
 5909
 8665
 5219
 7363
 3691
   50
 3520
 3711
 1527
 4481
 9982
 2468
 9546
 3562
 5873
 6853
 5062
 2620
    4
 2795
 8109
 5559
 5405
 9828
 8860
 9160
 3053
 8493
 5331
 9931
 9332
 5187
 8900
 6080
 1540
 7891
 9435
 6560
 4819
 4966
 8258
 7199
 8796
 3721
 7969
 7988
 6573
 6442
 1441
 8676
 5537
 4953
 5313
 2606
 6704
 8888
 3907
 1815
 2756
 5570
  467
 7703
 9349
 4854
 5609
 4195
 7605
  987
 8328
  136
  336
 6736
 3597
 7171
 8668
 8735
 4059
 8429
 1834
 1165
 2135
 3062
 2212
 8554
 2731
 1056
 1198
 7032
 1635
 7975
 3284
 9721
 9433
 3151
 4528
 3740
  604
 6899
 7275
 6482
 4078
 1541
 2398
 2793
 8204
 6910
 8466
 1929
  771
 3595
 2210
 6381
 4138
 5421
 6389
 7458
 6735
   68
 8398
 5641
 1325
 9180
  540
 2823
 6270
 4992
 5267
 9687
 1611
 6077
  254
 7327
 8423
 4791
 3339
 8772
 2005
 7099
 6574
 7706
 2687
 9573
 8814
  134
 6438
 4213
 9594
 3628
 6673
 4118
 9166
 8438
 4076
 6156
 2110
  256
 1118
 4554
 4431
  622
 7451
 3797
 8343
 1030
 9295
 2346
  542
 6803
 2889
 9074
 1364
  670
 2342
 1772
 4502
 5414
 3914
 2215
  733
 6036
 4468
 5639
 2484
 4707
 7248
 4180
 7556
 5231
  286
  974
 2042
 8000
 9341
  993
 5413
 8646
 8720
 4027
 1294
 8521
 9224
 4026
 6649
 7448
 4945
 7565
 8211
 6330
 3482
 8842
 4429
 9258
 7761
 1489
 4377
  688
  680
 5009
 1722
 7995
 8565
 6702
 8122
 7742
 3494
 3789
 9159
 3695
 1825
 5181
 6851
 7158
 4875
  149
 1875
 1651
 5442
 6202
 5954
 7160
 6763
 7480
 7968
  145
 7748
 1737
 6110
 3581
 4901
 4638
 9468
 3573
 5332
 9875
 2029
 3034
 3167
  328
 1240
 1184
 6858
 2555
 2138
 6698
 3512
  763
 3559
 1148
 1077
 2930
 4878
 4525
 5959
 7246
 7973
 5992
 7912
  308
 6107
 3657
   75
 9370
 9946
 6654
 7338
 6009
 9693
 3653
 3478
 2752
 6626
 8410
 8612
 6454
 9755
 8559
 9019
 9667
  352
 2595
 9890
 5254
 5259
 3023
 8458
 3684
 5931
 2022
 7716
 3802
 3503
 5306
 9260
 2905
 9843
 6568
 9045
 6513
 4979
 6200
 8178
 6227
 8227
  208
 8928
 3752
 1418
 9581
 9314
 5591
 2163
 2586
 4421
 1356
 4716
  935
 5795
 2814
 4263
 2263
 5712
 6148
 3658
 9355
 4498
 1919
 8623
 8634
 1971
 6619
 4633
 6598
 2274
 1630
 7286
 8020
 9935
 6295
 5492
 2946
 2127
 9813
   54
 4662
 6008
 1305
 2331
 6180
 3252
 1694
 3118
  395
 5927
 3696
 6375
 2216
 4291
 5718
 6100
 7911
 7388
 9855
 7473
 2860
 9441
 2311
 3283
 5064
 4746
 5226
 2697
 4539
 5464
 6686
 5577
  882
 7810
 4708
 6452
 6247
 3708
 5417
 8674
 8386
   89
 9967
 9410
 7017
 5919
 7718
 2357
  279
 5670
 5566
   94
 5638
 7314
 9110
 1724
 9747
 5731
 9086
 9604
 2735
 3087
 7119
 5375
  150
 3830
 1330
   27
 7643
 3379
 1852
 6952
 3217
 8871
 1906
 1986
 7016
 7813
 8823
 2949
 4941
 9633
 7376
 8425
 9990
 1964
 5145
 1771
  304
 3018
 7528
 1186
 1386
 9490
 7090
 2711
 6800
 2451
 8018
  484
 2124
 4344
 1231
 9623
 1916
 9459
 4692
 9064
 1062
 1856
 9099
 1803
  106
 3051
 3061
 5632
 8633
 4480
 3312
 7770
 3758
 7026
 4934
 8854
 8590
  773
 6964
 2438
 4422
 3662
  270
 7686
 4154
  400
 4439
 3863
 9787
 3499
  620
 8954
 7541
 2550
 3111
 3618
 6102
 4884
  361
 3391
 6106
 2684
 1505
 8411
 9369
 5708
 4465
 7866
 1650
 7654
 2459
 4861
  600
 4373
  845
 6434
 6131
 4135
 1736
 6814
 9868
  861
 2983
 3701
 5211
 6298
  262
 5466
 5698
 7832
 9515
 5430
 2802
 6999
 4182
 4491
 2387
 7772
 4721
 6599
 5171
 2355
 4811
 9198
 1027
 7072
 4036
 3761
  551
 6943
 5399
 8349
   10
 3583
 4969
 1104
 9858
  312
 2218
 9112
 1934
 4703
 4122
 1851
 9579
 9009
 5869
 2055
 1173
 8452
 1337
 1166
 2309
 2675
 6902
 3996
 2392
  753
  667
 4537
 1113
 9986
 4337
 6173
 3505
 1130
 2046
  853
 1306
 4842
 9133
 6850
 3694
 6432
 2414
 6538
 8041
 6873
 1998
 2088
 9207
 5932
 4120
 6650
  122
 8285
 6339
 7034
 9161
 3605
 5986
 8420
 5204
 2351
  216
   86
 6253
 5059
 4277
 4659
 8052
 5156
 7764
 3668
 6469
 4037
 1521
  133
 4520
 5629
 1733
 8236
 8099
 8491
  244
 4974
  459
 4056
 2128
 6576
 5012
 5554
 2696
 8234
 7115
 8936
 5908
  889
 7336
 6637
 2840
 1164
 7188
  249
 6090
 6856
 9753
 8222
 7510
 4897
 6960
 3622
 9572
  672
 9689
 6855
 4752
 6818
 2748
 8973
 1448
 3153
  581
 9438
 5092
 4632
 9919
  749
 9083
 5676
  908
 4306
 1121
 2068
  970
 2406
 3100
 1238
 6418
 8708
 5945
 6671
 5759
 1812
 5033
 2713
 2723
 4129
 5202
 9222
 6338
 9926
 1068
 7698
  369
 1060
 1931
  769
 4582
  607
 4660
 8154
  111
 5079
 6279
 9851
   78
  228
  114
 8185
 4706
 8059
 5372
 6230
 2691
 7229
 4243
 8886
 6174
 3176
 9767
 6014
  590
 2818
 5483
 1252
 1871
 3945
 4161
 7048
 8546
 3106
 3155
 3816
 4464
 4821
 8678
  107
  675
 6063
 4325
 6551
 5459
 8431
 6109
 9672
 4203
 3216
 6157
  674
 3085
 9005
 8455
 9684
 7942
 5341
 4900
 1437
 8200
 3654
  180
 5929
 1936
 8338
 7296
 8784
 4534
 7166
 6794
 1595
  314
 7814
 1243
 6067
 1385
  790
 5308
 1112
 4673
 6364
 5955
 8179
 2628
 7609
 2826
 3808
 2165
 9786
 5514
 1689
 7622
 8608
 6841
 1301
 5342
 4282
 2358
 6733
 4267
  716
 5433
 1116
 1223
 4387
 9424
 6387
 3769
 2181
 8791
 4764
 6194
  940
 4397
 7424
  789
 7805
 2202
 7295
 8824
 1072
  407
 2637
 2665
 9917
 4763
 4922
 7018
 6293
   15
 7299
 1589
 4599
 7917
 7452
 5333
  819
 1573
 7036
 4389
 5420
 7123
 4137
  362
  813
 2816
 4950
 4172
 9918
  432
 3876
  631
 1672
 9072
 1838
 9595
 3273
 2567
 1692
 8836
 2145
 7647
 9830
 2710
 3578
  732
 7959
 8371
 2593
 3842
 5942
 2890
 8783
  825
 4017
 9538
 8616
 3138
 5432
 1129
 8744
 5834
 8428
 6242
 8363
  355
 7513
 4105
 7440
  703
 3172
 4175
 9883
 9362
  759
 3496
 2360
 8618
 3428
 3162
 1850
  836
 5788
 9951
 5113
 9714
 3351
 2557
 9445
 3321
 2844
 3197
  933
 4114
 6982
 8998
 5985
 4231
  491
 7390
  784
 2699
 2347
 1702
 2601
 8367
 3992
 7940
 5160
 1512
 6492
 5066
  265
  996
 6613
 9681
 2931
 2560
  837
 3870
 3660
 3978
 4455
 3251
 3524
 2551
 2389
  713
  443
 5754
  349
  398
 6775
  335
 7549
 7555
 8078
 9504
 3255
  520
 1758
 6456
  610
 8576
 9762
 2707
 5952
 4960
 1816
  687
 3181
 5082
 7621
 5894
 9393
  900
 9486
 7374
 4148
 6354
 6782
 7365
 7590
 5667
  986
 3865
 8946
 7483
 9118
 1658
 4209
 3560
 9416
 6232
 9540
 9035
  164
 9220
 9267
  534
 3533
 1457
 6493
 8324
 2037
 5930
 7996
 4988
 5104
 1105
 2426
 9769
 8655
 7851
 6048
 9027
 3160
 5979
 2942
 5960
 9863
 4795
 4123
 4920
 4768
 8585
 7955
 6672
 6642
 8124
 8417
 1790
 3763
 8908
 1767
 1279
 3201
 4735
 3375
 3477
 4057
 2429
 6296
 5904
 8572
 2423
 3268
 5343
 9877
 3968
 6612
 3220
 5998
  285
 3502
 2648
 6201
 1136
  543
 3453
 6937
 1000
 8663
 1563
 2544
 2792
 2336
  552
 8401
 1897
 9436
 4727
 3743
 6605
 7196
 1984
  886
   66
 8981
 9102
 6773
 6608
 2332
  804
 7270
 1168
 4006
 2798
 9194
 6121
 2635
   22
 5228
 8140
 4881
 3157
 9454
 7540
 7243
  821
 6697
 4784
 5701
 1319
 2565
  396
 7252
 8039
 1300
 5169
 9699
 2152
 9671
  113
 6831
 3565
 4800
 3790
 3999
 5761
 8552
 7417
  292
 8138
 7113
 4109
 2718
 3128
 7001
 5907
 7127
 6321
 5496
 7874
 5658
 3077
 6559
 9838
 5435
 9601
  428
 6399
 5564
 1038
 8912
 1490
 9710
 7871
 1511
 5651
 3948
  931
 3080
   98
 4981
  181
 8207
 1708
 5662
 7321
 6895
 3991
  930
 3407
 1022
 3459
 5175
 1283
 2988
  353
  213
 2173
  606
 9932
  722
 9723
 4368
 5956
  971
 7288
 9818
 1940
  434
 6237
 9607
  566
 6695
 4569
 8074
 7954
 7315
 4924
 9934
  592
 2255
 7633
 9068
 9007
 9313
 3547
 3813
 9378
 9817
 7281
 8848
 1455
 8155
 2497
 9885
 6199
 1995
 8607
 8267
 4749
  852
 6470
 2017
 3004
 1523
 4484
 7410
  711
 9029
 8448
 5730
  868
 5315
 7936
 3577
 7465
 8626
   18
 8404
 6512
 2854
 8549
  796
 8083
 4338
 9523
 7868
 4029
 2416
 7695
 9608
 9527
 1583
  263
 2790
 8331
 2903
 2293
 4355
 5914
 3335
 1280
 1601
 5686
 9181
 8221
 9774
 1479
 5206
 5051
 3540
 4090
  327
 1464
 1607
 6741
 4555
 8560
 8815
 7217
 8058
   97
 1265
 2450
 7352
 6737
 4939
 2643
 1162
  917
 5292
 6225
 1849
 6486
 8879
 4977
 6954
 9997
 7107
  121
 8995
 3655
  508
  300
 3726
 7831
 8345
 7537
  402
 4568
 7395
 7242
 1345
 3712
  231
 9077
 1093
 4201
 2321
 9346
 2543
 9475
  729
 7403
 6241
 6859
 3099
 2645
 2603
 5567
 9542
 2116
 7112
 9683
 5086
  253
 1461
 8840
 9981
 2093
 4038
 6284
 5264
 8685
 3966
 3330
 4684
 3480
 9361
 7841
 4164
 8320
 4074
 3619
 6229
 9738
 5906
 7899
 2167
 5192
 4841
 3286
 6588
 9636
 6558
 7760
 7161
 1824
 2412
 5991
 1596
 6380
 7006
 6160
 7745
 2855
   95
 2084
 8978
 4623
 9293
 1299
 7207
 3411
 8278
 2449
 9374
 5111
 4691
 6835
 1381
  446
 5706
 4360
  907
 7895
 4469
 1222
 5598
 6038
 4005
 1135
 6590
 3067
 1224
  509
 9750
  535
 6092
 2911
 8884
 8779
 7801
   19
 9080
  126
 2746
 4905
 4305
 8072
 1750
 9597
 1735
 8827
 9095
 7209
 1810
 6356
  130
 3652
 7836
  614
 1446
 5519
 4742
 5049
 2694
 5518
 6728
 3927
 9511
 4186
 9335
 3647
 8829
  469
  830
 2588
 3868
 8636
 5471
 6518
 9448
 7066
 4190
 7830
 2524
 8495
 7428
 2186
 7228
 7521
 4226
 5827
 1145
 2525
  619
 8974
 5803
 4614
 9707
 1042
  795
 2669
 9330
 9521
 7266
 3402
 4794
 3045
 7176
 1975
 4669
  626
 8575
 1716
 7658
 5189
 3191
 7779
  877
 3985
 5689
 9930
 8625
 9149
 6216
 6458
 1880
 7733
 4007
 5587
   58
 6384
 4376
 1933
 5544
 5235
 7144
 1132
  204
 6064
 7690
 3620
 5509
 8040
 9091
 1665
 9148
 4527
 3522
 2721
 5348
 4430
 9228
 7941
 6799
 6017
 7121
 4925
 1965
 4914
 9522
 3844
 8893
 8116
 1567
  925
  241
  550
 9385
 7863
 5302
  618
 6140
 5276
 4456
 5625
 8516
  324
 4096
 3661
 6956
 8008
 5606
 9365
  457
 7735
 6957
 5551
 6812
 2681
 2622
 6764
 2676
 3064
 7794
 5786
 5775
 2388
 1529
 3596
 5279
 7056
 5283
  855
 8857
 8798
 3207
 8419
   49
 6924
 7131
 5275
 2852
 3393
 3417
 7887
 4241
 1040
 7611
 8164
 1719
 2139
 5437
 3235
  523
 1032
  531
 7970
 7960
 5681
 1471
  814
 7803
 5941
 9272
   43
 8133
 8878
 3145
 4936
 7632
 2745
  835
 2090
 1993
 9587
 7668
 1667
 2439
 5892
 5732
 9301
 3399
 3384
 4823
 7174
 3152
 5690
 1743
 4100
 1298
 6680
 2812
 5994
  473
  583
 8705
 3612
 8927
 6043
 4740
 3766
 9123
 1714
 8728
 9836
 4894
 8545
 8151
 7580
 7502
   87
 5406
 1868
 2422
 8906
 6693
  666
 4820
  961
  915
 6908
 7422
 8889
 1726
 7238
 6374
 1979
 9913
 7532
 8611
 5571
 2075
 6427
 2506
 8208
 3569
   31
 7000
 8550
  779
 8947
 9245
 6050
 1538
 9995
  682
 4173
 3598
 7639
 2780
 2374
 6474
 2047
 3324
 9281
 9439
 5031
 1941
 2337
 3770
 1229
 3382
 5656
 3827
 6176
 5673
 5921
 9460
 9740
 2670
 7436
  648
  519
 5173
  195
  155
 5054
 5893
 2420
 4111
 3771
 7467
 6248
 5811
 3101
 1901
 9232
 4918
 8136
 1900
 5008
 1697
 6563
 7584
 5621
 1969
 1028
 2912
 9500
 7947
  343
 6081
 4594
 7944
 2098
 1579
 8150
  124
 9239
 5090
  735
 3609
 6862
 8274
 6787
 6690
  391
 6871
 7721
 7998
 9071
 4280
 6485
  144
  875
 4274
 8046
   81
 5774
 7221
  406
 2919
 2453
  504
 9270
 5273
 9611
 6521
  962
 2952
 1858
 4813
 6543
 3405
 5972
 3140
 3343
 2270
 9725
 8951
   88
 6303
 3362
 6034
 2283
 3359
 2953
 7155
 9508
 9989
 5132
 4683
  959
 7522
 8706
  851
 2107
 8763
 6243
 5061
 8702
 4879
 4471
 9528
 7442
 8600
 8015
 3517
 9503
 6169
 5042
 7961
 4236
 2141
 4512
 6747
 8087
 1078
 8397
 8980
 8898
 2087
  498
 2909
 6272
 9375
 4522
 8461
 4478
 3179
 2427
 2095
 9430
 3476
 3617
 4548
 5357
 2786
 4169
 6314
 2817
 6601
 9098
 7515
 4504
 6076
 6197
 7747
 2821
 3645
   28
  887
 2918
 4489
 4853
 6707
 2587
 2475
 7435
 9396
 5303
 4779
 3723
 8238
  372
 2401
 6852
 2114
 3033
 5402
 7608
 3376
  168
 2924
 3592
 7542
 2441
 8444
 8818
 1422
 4139
 2305
 6461
 1905
 2384
 4508
 6491
  783
 5346
 7628
   59
 8628
 2753
  673
 7932
  217
 1566
 4405
 4538
 7901
 4185
 1244
 3293
 8436
 9143
 3933
 4729
  290
 3640
 3120
 9647
 1769
 7151
 7456
 5127
 2030
 4866
 3479
 9796
 6049
 1064
 3558
 3452
 9544
 4018
 5828
 2435
 1020
 4730
  280
 8462
 8016
 1205
 4672
 7849
  444
 5538
 8832
 5403
 5431
 9548
 5269
  683
 1167
  999
 7765
 9616
 2166
 4802
  654
 8786
 4874
 5247
 4655
 9733
 1718
 1796
 6932
 5615
 8214
 7856
 6437
 9969
  694
 6240
 4409
 5425
 7402
 8427
 6641
 3935
  276
  344
 8233
 3136
 2616
 8063
 2488
 8977
 5149
 9950
 3054
 3764
 9032
 2519
 2160
 6664
 5102
 4198
 4915
 1484
 5284
 6861
 8675
 4732
 1390
 9138
  909
 9434
 7503
 3360
 1075
 1433
 2250
 3468
 2737
 7593
 8902
 2383
 1387
 7232
  848
 8578
 2373
 2265
 6245
 1554
 6205
 5521
 3304
 5677
 2749
 5409
 4317
 9279
 1646
 8975
 1556
  867
 2940
 1960
 4365
 3043
 6088
 2881
 5619
 9929
 6603
 9977
 7806
 7033
 8191
 1836
 5106
 1723
 4244
 8298
  309
 3254
 2083
 4174
  389
 7169
 4542
 4394
 9670
 9628
 5016
 2112
 9317
 9884
 4197
 6890
 5136
 5077
 2200
 5443
 2238
 1276
 3888
 8518
 7377
 6032
 5410
 9887
 5872
 5937
 8594
 7443
 5602
 9944
 5105
 2705
 8841
 4030
 1140
 3601
 4715
 6006
 7455
 8568
 2243
 9791
 5453
 6400
 7024
 6189
 4224
  762
 3079
 1152
 6689
  132
 7645
  417
  334
 7110
 8797
 2487
 3611
 4268
 9803
 4601
 4808
  416
 2521
 1549
 4505
 9085
 2582
 8610
 2729
 3909
 6127
  582
  838
 9042
 5396
 6420
 3886
 9427
  538
 8384
 5723
  320
  317
 3414
 2103
 1432
 8487
 6138
 6363
  560
 7755
 4546
 5622
 7205
  929
 2400
 4849
 8276
 9283
 6546
 1183
  371
 8322
 6431
 6150
 4292
 8406
 7822
 1405
 2633
 6653
 1574
 7933
 3994
 2739
 1572
 9288
 6669
    1
 2413
 1156
 9210
 7559
 6083
 8749
 2728
 2187
 3005
 7872
 1519
 1671
 1555
 6012
   42
 3093
 7320
 7459
 4043
 8656
 7012
 5541
 3901
 5067
 8265
 1380
 6772
 4817
  911
 9470
 3165
 2201
 8475
 7964
 9387
 2035
 7837
 9841
 1131
 3355
 5815
 6171
 8120
 4592
 5028
  760
 3374
 8808
 1609
 7250
 2278
 4618
 3397
 7613
 3260
 8792
 2921
 5002
 2548
 7226
   12
  658
 8664
 8392
 8251
 5588
  506
  175
 1044
 4077
 7023
 5589
 2232
 5865
  115
 7279
 9020
  250
 5691
 5990
 8500
 7227
 5486
 6843
 8485
 5221
 9092
 2324
 9570
 7886
 1958
 7853
 8473
 3757
 2906
 2379
 6798
 7291
 3014
 2086
 6977
 3059
 4084
 5770
 5557
 9214
 9067
 9002
 3786
 8249
 6367
 4284
 3973
 7003
 7848
 6424
 5088
 7552
 7241
 9338
 4739
 6866
 3471
 8426
 5135
 9252
 4829
 4270
 1003
 7098
 8641
 2589
 3205
 3422
 4177
 9987
 6089
 9246
 4353
 2322
 6944
 4278
 2736
 9432
 9825
 1228
 2203
 2375
 2130
 4102
 1648
 6657
 1497
 2657
  591
 9773
 6181
 7425
 2205
 6789
 9390
 2647
  990
 6878
 1546
 4303
 3237
 7446
 6152
  266
 2702
 4391
 8905
 5687
 5025
 2168
 3606
 5989
 2618
 3600
 1645
 9712
 2182
 9153
 2961
 2353
 1371
 2638
 9790
 6783
 5095
 2928
 4124
 2664
 2671
 1976
 2747
 7649
 6583
 2477
 5026
 3389
 2458
 5040
 9615
 5415
 6490
 7739
 2456
 7857
 7634
 6888
 2778
 9569
 5722
 2447
 3749
 4051
 2302
 6045
 3917
 9519
 7554
 1398
 8296
  451
 9706
 2504
 1071
 1663
 6863
 7348
 7776
  325
 1528
 5733
 6658
 4002
 1363
 1326
 8883
 1896
 3206
 7914
 7520
 7011
 7662
 4529
 9277
 7825
 4323
 9512
 5071
 7688
 3267
 7294
 3319
 8816
 6833
 1922
 7306
 1342
 2571
 8268
 5747
 6622
 2123
 9347
 5634
 7111
 1580
 9859
 1137
 7507
 8279
 5258
  303
 2340
 6406
 1959
 5114
  492
 9991
 7164
 5301
 2179
 7804
 8123
 9303
 4533
 8843
 9713
 7938
 7106
 5940
 7369
 1107
 3143
 6730
 3803
 5270
 5456
 9244
 9023
 8920
 8318
 2016
 1309
 6652
 4926
 2754
 1392
 7631
 8205
 4726
   45
 5153
  403
 2985
 2162
 6055
 5234
 6651
 1313
 9541
 6450
 6057
 4479
 6959
 9717
 1293
  173
 3325
 2813
 1536
 5996
  196
 1365
 9056
 2963
 2066
 5177
 3739
 3224
 4681
 4754
 4497
 9752
 6011
 5191
 7829
 9888
 8753
 8194
 5548
 6877
 8053
 6358
 6597
 2154
 5305
 4392
 8230
 4810
  319
 2556
 3817
 1073
 5936
 2771
 2059
  125
 3566
 2650
  190
 6480
 8737
 3262
 1059
 4938
 8344
  220
 5659
 1924
 8833
 3621
 6993
 1727
 1647
 2027
 5438
  404
 9697
 2776
 6749
 1932
 9101
 6259
 8288
 1045
 3798
 2050
 4864
 7014
 7341
 5376
  775
 8858
 8381
 7201
 4605
 5390
 2254
 7068
 5524
 6192
 1754
 3871
 1809
 2061
   37
 1760
 3038
 7437
 2197
 5297
 6440
 5251
 9360
 2404
 9758
 1328
 3210
 5404
 6499
 7816
 1079
  596
 9668
  963
 9447
 9854
 6125
 1910
  466
 3418
 9237
 5318
 7860
 8997
 4052
 7638
 5793
  234
 4846
 2627
 6459
 8807
 9298
 4578
 1290
 6264
 6847
 9003
  865
  647
 8621
 1711
 7923
 7767
 4572
 8023
 6309
  881
 6396
 9772
 8759
 1021
 5957
 2957
  632
 3212
 8262
 7589
 1633
 5719
 7485
 2043
 6717
 7847
 2150
  465
 3390
 3332
 6986
 8923
 5810
 6464
 9958
 9235
 2916
 6286
 4472
 1687
 9022
 7274
 8501
 5763
 1088
 9988
 3961
 2682
 9070
 6523
 5534
  720
 6281
 5542
 5010
 1624
 1730
  613
 4641
 1480
  387
 7937
 9924
  764
 4156
  205
  399
 9187
 1361
 6219
 8985
 4917
 1377
 6581
 5729
 4814
 8029
 6288
 3377
 8670
 1292
 3897
 3209
 2070
 8778
 3843
 1977
 5993
  657
 4165
 7096
 8489
 5636
  888
  576
 8329
 6777
 3772
 8162
 7935
 2769
 4597
 2649
  671
 5268
 1701
 7601
 4042
  233
 9730
 3719
 3775
 2751
 1599
 3328
 7966
 4776
   34
 8478
 6141
 3276
 1304
 7566
 9409
 9456
 2898
 5186
 7223
 5831
 7667
 8605
 8525
 6085
 6287
 7204
 7287
 4816
 7986
 7607
  954
 3308
 9178
  768
 6634
 9640
 7722
 3785
 4877
 7568
 6466
 4242
 7140
 9336
 3178
 4790
 8003
 1889
 1344
 4466
 3223
 9656
 6719
 9556
 1158
 4281
 8638
 2611
 9998
 7344
 8622
 1682
 5218
 1273
 3161
  787
 2494
 4946
 9695
 5829
 1456
 3301
 2944
 3880
 8597
 3295
  185
 5446
 2329
 4702
 4517
  770
 7284
 4619
 9874
 3953
 9025
 6082
 8620
 7462
 9751
 5511
  840
 2372
 8492
 4557
 3762
 8101
 4320
 7610
 4363
 6885
 5427
 3170
 8930
 7839
 4892
 8220
 3972
  951
 9256
 3693
 9251
 9367
 5766
 4550
 1314
 6497
 2868
 1909
 7478
 1706
 8476
 7651
 8916
 5488
 6035
  386
 7134
 8031
 1302
 4523
 3877
  374
 6003
 5710
 8896
 6278
 3532
 4088
 2894
 2224
 5977
 4954
 3363
 7091
 5362
 5751
  893
 4216
 3773
 8700
 6700
 9242
 4689
  849
 2188
 4012
 9715
 1039
 7725
 1327
 4713
 7153
 6276
 2053
 7929
 3515
 1182
 1895
  754
 2579
 8643
 8696
 4307
 5682
   61
 3925
 9900
 9641
 8490
   29
 7749
 1396
 8587
 6630
 1282
 8132
 7370
 3859
 3097
 5203
 8524
 8762
 8128
 6780
 3076
 2865
 2896
 4050
 5144
 9127
  431
 2692
 5081
  794
 7575
 2599
 6159
 6196
 9302
 7494
 8206
 4070
 8259
 2517
 4765
 1504
 1577
 6920
 4370
 7346
 2879
 5866
 8567
 4885
 3663
 4510
 1082
 4543
 9698
 2010
 4441
 2539
 3487
 6540
 1209
 3923
 8180
 6950
  612
 9423
 7053
 1770
 4289
 3833
  752
 7659
 3041
  659
 9238
 1766
 1232
 6791
  526
 2221
 9904
 5448
 9826
 6042
  602
 5716
 6729
 3580
 7951
 4693
 3164
 2733
 2344
 2292
 3916
  633
 3266
 7133
 4839
 1684
 8703
  170
 6561
 8669
 1794
 5568
 1106
 6667
 9285
    3
 3782
 5174
 8067
  593
 1863
 9777
  998
 3211
 8499
 2424
 4225
 7952
 6795
 1408
 3831
 6444
 3370
  207
 6647
 2204
 5980
 6822
 7043
 2683
 1438
 5851
 2732
 7915
 9788
 7577
 4461
 7910
 2479
 2630
 6233
  690
 7672
 6713
 3587
 7093
 3163
 1547
 3086
 2719
 5717
 2409
 8570
 7029
 1355
 7691
 4757
 2662
 3732
 7595
 2418
 4331
 5601
 5041
 5243
 2184
 4119
 2364
 9850
 5146
 7612
 5792
 6995
 6602
 9145
 3846
 4700
 3373
 6098
 3297
  699
 3575
 4048
 6629
 5812
 4806
 1486
 3875
 5450
 1653
 9473
  539
 8299
 4287
 5752
  948
 1347
 8158
 1263
  419
  982
  715
 4378
 2574
 1227
 6151
 9680
 1043
 8602
 3368
  792
 3380
 4152
 5018
 9498
 8945
 6948
 5787
  932
 9722
 9654
 6911
 3318
 8470
 3800
 1827
  637
 7523
 1097
 2976
 2244
 9412
 5314
 4611
 1963
 6447
 6906
 8309
 5545
 6027
 1083
 7833
 6307
 6481
 6135
 5971
 1807
 3955
 9046
 8740
 9807
 2977
 5035
 4588
 4346
 5680
 1768
 8263
  437
 6429
 4046
 1246
  815
 1179
 6117
 1253
 1006
  159
 4072
 5529
 2724
 4044
 4247
  166
 7070
 6238
 3664
 3230
  730
 6864
  174
 5164
 5473
 9201
 2797
 6439
 4899
 3337
 6522
 1502
 2252
 3878
 7335
 6550
 5900
 6933
   85
 9644
  345
 6868
 3902
 6947
 6974
 7962
 5457
 7104
 5441
  316
 8671
 2352
  157
 5772
 9331
 6879
 1729
 4227
 5657
 3716
 6221
 7838
 4644
 4300
 8036
 1817
 5499
 9414
 8169
 5821
 4767
 2688
 5485
 5011
 6329
 8173
 7102
 7997
 3632
 3895
  356
 7965
 7826
 2058
 8536
 8433
 3676
 3112
 3848
 5125
 2561
 1428
 3608
 3811
 4416
 3484
 1172
 3988
 6462
 4609
 1857
 8743
 3149
  616
 3531
 6643
 8804
 1256
 4678
 5695
  638
  176
 3490
 6182
 1908
 6320
 4442
 6345
 9483
 2219
 8989
 1813
 8528
 4667
 2237
 6819
 8126
 3951
 5626
  161
 7976
 1673
 3649
 6779
 4032
 6659
 7120
 2020
 8515
 5317
 6766
 1494
 7592
  645
  568
 9204
 3369
 9383
    8
 2935
 3218
  578
 7185
 8212
 9093
 4694
 1785
 6347
 1632
 5756
 9622
 7332
 5214
 7943
 9195
 6825
 2948
 4629
 3049
 3282
 9996
 6752
  891
 5711
 6306
 1713
 2651
 2943
 7079
 5650
 2041
 9962
 4411
 4888
 3126
 7065
 3639
 6144
 9188
  983
 4141
 8789
 9876
 6142
 5928
 6979
 1383
 4047
 8312
 1123
 5608
 6104
 5045
 6503
 5162
 1829
 1685
 4867
 7979
 5498
 1582
 6882
 6891
 7723
 1340
 9189
 9662
 5085
 8532
 5613
 7197
 9784
 1413
 6529
 2857
 7015
  360
 5205
 2680
 7823
 3635
 9583
 5407
 9156
 6019
 6312
 5484
 4250
  843
 8443
 9933
 1091
 5987
 2532
   48
 2498
 4943
 8697
 4616
  423
 1487
 3910
 6018
 2437
 9183
 9069
 6408
 7865
  456
 7578
 9058
 6618
 1212
 8038
 1159
 4211
 1620
 9923
 7025
 6087
 6313
 7717
 4792
 9241
 5999
 7439
 6712
 6004
 4506
 9754
 8156
 1591
 1090
 9334
 8341
 1220
 6302
  704
 7674
 9532
 8314
 1100
 4356
 2592
 8523
 2615
 8183
 5353
 9620
 5044
 2106
 7300
 4509
 4755
 7323
 6801
 6477
 4668
  408
 4622
 8439
 4617
 5507
 3851
 7186
 6266
 1323
 8496
 8240
 3449
 1081
 8691
 3788
  135
 2362
 9892
 2260
 7450
 8246
   16
 4788
 5864
 8731
 4130
 8441
  863
 9105
 6889
 6506
 7469
   80
 1513
  330
 7222
  629
 3585
 1930
 4741
 8513
 2523
 4418
 8242
 7457
 1597
 4804
 5037
 3703
 6145
 1245
 6955
 2757
 5917
  978
 4470
 5880
 8868
 4832
 8557
 4035
 5236
 5238
 7141
   65
 9328
 1151
 8809
 3571
 8339
 2040
  275
 5366
 7471
 1705
 4812
 6897
 7404
 1407
 1115
 3438
 6753
 8256
 8111
 9311
 5493
 9182
 3141
 9464
 9794
 6252
 1492
 8695
  906
 9691
 7484
 9476
 7506
 7219
 3882
 1147
 7356
 1041
 9352
 6674
 4636
 3287
 7980
 8366
 5734
 2886
 8252
 3906
 5327
 6732
 1765
 9051
 2703
 1731
 3896
  268
 5356
 9320
 4544
 4987
 3737
 2564
  714
 6638
  594
 8651
 9727
 9268
 9104
 1699
 2301
 7984
 7405
 5878
 7449
 5969
 3705
 8733
  528
 2242
 2734
 2904
 8245
 3048
 4342
  515
 8376
 5477
 9310
  198
  788
 4264
 2105
 7004
 5363
 5166
 5611
 9088
 2287
 8709
 5783
 8569
 9861
 4807
 1017
  488
 5744
 3728
 5076
 5385
 5030
 9565
 8657
 8716
 8093
 6079
 8933
 5237
 3352
 9609
 1514
 7152
 1099
 4401
 5703
 7051
 8581
 7078
 3259
 3192
 3959
 3443
  662
 5905
 7045
 2938
 2962
 3464
 8619
 5668
 3253
 8293
 8407
 4451
 4426
 8184
  192
 2481
 4747
 9842
 4208
  260
  916
 8356
 2394
 8139
 4793
 9764
 5265
 9043
 1553
 2653
 8723
 1264
 8209
 7511
 9273
 8494
 8117
 6502
 8968
 2623
 7958
 2299
 8107
 9812
 4350
 5592
 9882
 5380
 6872
 1219
 8188
 1988
 1935
 5300
 2223
 5540
 8129
 3481
 3904
 1275
 1828
 2568
 8281
 8355
 5590
 8319
 3026
 4413
 6743
 7225
 6341
 7799
 3862
 2462
 3219
 6625
 7834
 4975
  171
 8307
 7493
 1462
 3388
  896
 2111
 5973
 2799
 2534
 4261
 7539
 7758
 9419
 2054
 1811
 1823
 7337
 5854
 6484
 4419
 4309
 8157
 2133
 4519
 7159
 1190
 5123
 3466
 3892
 5416
  989
 4393
 8957
 2285
 7900
 6660
 6411
 9645
 9395
 5612
  778
 1318
 6917
 3919
  368
 7095
 6365
 8153
 2395
 2644
 9568
 5244
 5216
 6514
 8409
 8050
 1391
 3774
 6806
 2646
 1808
 5727
 6663
 4515
 9555
 8176
 4603
 5195
 7769
 2811
 1477
 3228
 2080
 2396
 8910
 6029
  945
 9495
 2842
 1126
 7339
 7334
 1570
 4670
  346
   35
 9190
 1058
 1217
 1241
 3514
 4210
 6116
 5223
 8563
 2741
 4308
 3989
 6352
 6784
  563
 7190
  603
 8825
 7678
 9250
 2667
 4061
 2370
  636
 1161
 5553
 3498
 4304
 9316
 7292
 6291
 7383
  736
 7786
 8919
 3194
 5020
 8198
 1956
 7664
 6508
 7210
 3011
 6401
 7563
 9107
 4998
 2743
 9783
 9613
 9543
 7993
 8541
 4737
 9428
 1016
 8253
 1822
 2251
 3727
 4134
 4113
 1872
 6167
 5958
 5877
 9016
 3180
 7977
 3470
 4219
 7461
 5110
 4367
 5447
 2411
 8161
 8335
 4412
 1278
 4524
 9398
 5311
 7930
 3557
 1776
 2011
 6026
 8248
 1496
 9001
 6372
 9477
 6030
 1360
 9191
 6934
 1010
 6403
 8266
 6263
 6062
 5057
 1359
 3755
 6479
 2527
 9141
 3150
 9219
 5309
 4513
  571
 6760
 9960
 4400
 6494
 5112
 5087
 7191
 3401
 5392
 1117
 9407
 9322
 8144
 7342
  634
 3072
  315
 8819
   70
 6692
 6893
 9970
 1944
 8030
 2608
 4744
 6419
  156
 1637
 9799
 3258
 1260
  299
 1756
 9192
 6369
 8712
 4249
 3091
 5526
 5950
 7202
 6666
 5859
 4907
  938
 6487
 2348
 5725
 1819
 9257
  367
 2113
 1695
 4459
 9108
  565
 3020
 5583
 7579
  895
 7946
 7075
 8010
 7046
 1561
 9467
 1715
 9811
 4131
 9778
 6415
  679
 6611
 4332
  500
 8149
 5230
 1389
 1752
 1610
 9549
 3572
 3707
 2783
  653
 1495
 7644
 7277
 8354
 1638
  426
 5373
 7007
 3429
 6391
 4499
 6984
 9819
 6153
 2097
 1409
 9287
 7603
 9703
 8862
 4108
 1465
 5578
 7885
 9650
 9442
 3139
 9223
 3937
 7128
 3392
 7736
 2174
 9965
 7587
 1691
 6213
 3214
 8403
 2408
 6099
 5220
 2876
 6340
 4959
 9809
 4390
 3630
 6849
 3186
 6433
 6368
 6556
 2476
 3675
  200
 2018
 1445
 5412
 8864
 2716
 9451
 5653
 4014
 9567
  664
 6040
 4724
 6402
 2590
 7781
 4162
 3884
  577
 9061
 1542
 8527
 9978
 8577
 8679
 6915
 2460
 8648
 4404
  112
 7021
 5675
 4738
 7476
 4923
 3081
 2594
 2079
 3624
 3599
 9115
 7524
 6101
 1250
 3147
 6839
 7333
  321
 8014
 2341
 1509
 9903
 5355
 4444
 7271
  878
 7894
 7898
 6515
 7331
 1076
 9485
  337
 2612
 8770
 4718
 1676
 9530
 5347
 3509
 3309
 4887
 2531
 2701
 4620
 4259
 2845
 3553
 2978
  163
 1820
 4970
 3934
 2463
 8195
  712
 1036
 4855
 3347
 5052
 7203
 2642
 7768
 1191
 2833
 8659
 9600
 5903
 9561
  854
 1661
 6310
 8152
 4486
 3980
 5451
 9627
 1594
 1789
 5910
 2945
 8282
 2882
 9481
 6096
 1410
 9147
 9458
 4490
 6143
   79
 4295
 2391
 9911
 8024
 3474
 6691
 6724
 3783
  288
 3193
 2995
 8999
 3952
 1175
 3116
 4931
 4181
  601
  719
 6154
 8653
 1226
  232
 7156
 6940
  525
 3025
 8175
 5746
 2122
 7795
  206
 9055
 5862
 5832
 1945
 1350
 8360
 7137
 8850
 8935
  942
 8334
 8400
 7569
 9307
 9421
 7362
 2759
 4921
 6531
 5700
 9518
 9507
 6122
 6817
 6207
  921
 2673
  375
 1550
 2923
 4536
  495
 8979
  693
 1434
 7329
 4414
 4719
 4374
 3423
 4246
  392
 7464
 4202
 2132
 2801
 6028
 3634
  706
 7445
 7109
 2060
 3670
 1616
 9364
 5039
 5058
 4586
 2096
 5022
 1211
  533
 5796
 5599
 9673
 3001
 9659
 6913
 4158
 6472
 7557
 4178
 1877
 7378
  668
 2004
 4677
 2134
 5580
 9489
 4314
 2312
 3288
 2467
 6149
 5891
 1169
 5597
 1626
 5424
  277
 2807
  141
 9833
 7472
 7854
  826
 9922
 9801
 9941
 6091
 6084
 1537
 3625
  191
 1501
 3406
 8787
 4857
 1608
 3426
 8315
 9280
  131
 7297
 8365
 7909
 1954
   33
 3036
 3196
 5535
 2584
 4254
  351
 5882
  910
  586
 5262
 8395
 9097
 7027
 9701
 4275
 5694
 8260
 2509
 7394
 4021
 6688
 2465
  433
 8859
 9354
 8635
 7881
 5563
   69
 1791
 7756
 3690
  435
 7269
 8838
 3322
 7536
 9606
 8535
 7135
 2578
 6053
 6379
 9514
 7624
 9766
 7282
 9048
 5290
 4883
 6359
 3744
 4818
 6714
 7386
 1320
 5968
 3889
 4553
 4352
  449
 5047
 6483
 8480
  502
  532
 1994
 7108
 1830
 8292
 6275
 5610
 2501
 1474
 5154
 3016
 2288
 9492
 9564
 2190
 7382
 9631
 7345
 5139
 9785
 1612
 7892
 3404
 4728
  474
 8468
 7060
 1545
 2359
 5024
 2415
 4521
 6615
 3969
 3040
  876
 9779
 6748
 1215
 3074
 2464
 4657
  811
 2466
 6390
 9879
  239
 8758
 3493
 6005
 4313
 7044
 2558
 1535
 4294
 5824
 2356
 2841
 6473
 1472
 1720
  477
 8474
 7475
  635
 7819
 1881
 9782
 3358
 9014
  558
 4890
  494
 8337
 1187
 2971
  842
 8097
 8650
 6892
 8342
 6646
 2986
 5966
 6848
 6585
 1548
 4551
  379
 8311
 2419
  967
 6071
 2493
  644
 5623
 6768
 6631
 7218
 5881
 2089
  116
  237
 7122
 3614
 8874
 4676
 1793
 4743
 6000
  739
 1399
 7147
 2330
 9533
 1961
 6826
   91
  834
 1048
 8121
 5140
  146
 6315
10000
 6428
 3742
 9247
 2064
 4664
 2652
 8719
 5295
  777
  744
 6348
 3852
 9090
 9862
  365
 1753
 3754
 5607
 9290
 7285
 6269
 2430
 9213
 7676
 4230
 6723
 6416
  510
  485
 7414
 6056
 9274
 6124
 5527
 8961
 1382
 4040
 3349
 2315
 4473
 6824
 9865
 8171
 3778
 2693
 8146
 9618
 1031
 3289
 6268
 2996
 5784
 8939
 8437
 4723
 3024
 9359
 8661
 3270
 4654
 2403
 5970
 7340
 2742
 6468
  420
 5556
 1425
 1674
 4711
 3475
 1478
 8043
 6332
 2446
 2773
 9212
 9275
 3820
 2867
 5196
 6044
 8730
 9114
 1488
 8849
 9469
 9940
 3791
 4215
 8617
 7487
 6827
 5886
 1795
 9920
  293
 7709
 6759
 9389
 2832
 9158
 6051
 4771
 3381
 9401
 1185
 2972
 8915
 1339
 2227
 4299
 1192
 5901
 6475
 7138
 9325
 2563
 4288
 7702
  692
 3367
 2503
 5967
 3398
 7620
 6426
 8193
 2297
 4775
 9642
 3058
 4516
 6557
 4837
 3850
 3568
 4759
 1987
 3967
 6161
 5755
 2078
 2289
 3056
  639
 6845
 6758
 2258
 4869
 9870
 2740
 5184
 2296
 8609
 4589
  225
 5868
 5340
 2758
 3759
 3641
 4166
 9971
 4858
 2766
 8317
 3342
 7533
 4395
 6413
 1973
 4454
 9968
 4501
 7163
 7496
 9089
 1644
 8005
 7547
 8327
 5679
 9431
 2478
 6257
 5147
 9033
 2434
 9484
 3455
 5143
 8415
 8068
 6520
 6297
 5289
 3845
 4312
  734
 3692
 7788
 4075
 5207
 3981
 4610
 7180
 6334
 1420
 1047
 2013
 7905
 4025
 5665
  874
 9979
 1623
 8408
  153
 2492
 8855
 7031
 4251
  108
 1990
 1004
 7055
 3745
  805
 9663
 6010
 4410
 5867
 7173
 1403
 9162
 3291
 4571
 7845
 9066
  458
 2249
 3792
 3872
 6337
 6282
 5381
 8629
 6128
 3887
 5666
  621
 4973
 7679
 9653
 3924
 3680
 3400
   30
 9175
 3202
 4530
 9520
  988
 4579
 7491
 2803
 6228
  615
 2402
 9945
 4584
 5920
 6524
 8412
 9282
 4011
 8925
 6301
 3483
  410
 8229
 4587
 8340
  717
 1419
 8539
 1473
 2825
 4961
 3574
 4184
 4734
 9709
 2654
 9589
 7255
 9163
 9676
 7265
  301
 3832
 7807
 7272
 5808
 5669
 5165
  472
 3633
 7416
 3921
 1879
 9157
 9539
 9732
 4214
  899
 7150
 4257
 7259
 9760
 8021
 7867
 2306
 5158
 9254
 5454
 8210
 7132
 2796
 9462
 4991
 2835
 4205
 9465
  358
 7427
 8047
 4565
 3122
 7035
 6734
 6311
 6566
  340
 6900
  941
 3277
 7211
 9571
 7256
 5799
 6093
 6821
  514
    9
 9425
 7730
 8042
 6133
 1114
 7366
   20
  177
  919
 8106
 7784
 7360
 8304
 3883
 6874
 8983
 9822
 5822
 3678
 6350
 3542
 9327
 8498
 9038
 2659
 8987
 4762
 3137
 3017
 2570
 1617
 9869
 5093
 7732
  924
 1593
 1654
 1882
 1426
 7194
 4097
 9746
 7614
 9720
 6366
 7005
 2730
 5296
 3410
 3168
 7697
 4204
 9169
 6250
 8680
 6567
 9381
 3891
 1149
 2499
 5227
 6178
 3724
 7148
 2148
 9474
  975
 5252
 8952
 2045
 4448
 1763
 7168
 2192
 7466
 7206
 4104
 4872
  870
 3911
  329
 6164
 5825
 3552
 2369
 3687
  724
 3166
  701
 4449
 1349
 4271
 2610
 9649
 3697
 7063
 1914
 4615
 2980
 6694
 5310
 7406
 4322
  380
  598
 6554
 9073
 5879
  393
 6746
 9588
  151
 3526
 6584
 1476
 2118
 8591
 7738
 6998
 9632
 4774
   57
 2119
  414
 3932
 9176
 7873
 5924
 4092
 7850
 3115
 6919
 5933
 5713
  178
 1274
 6068
 1470
 8584
 6449
 1893
 6054
 1693
 2541
 9810
  800
 2808
  847
 6305
 8853
 2432
 6670
 7249
 4354
 7815
 5084
 3646
 2157
 1520
 3965
 6854
 9908
 8917
 4237
 7531
   46
 9054
 8964
 4796
  611
 7420
 1679
 9956
 1046
 2929
 3604
 4651
 5539
 3893
 1451
 9510
 4647
 5769
 8752
   32
 9150
 5200
  364
 7545
 5168
 5458
 5395
 2700
 2158
 7167
 4999
 2900
 7059
 2164
 1740
 4128
 2760
 7009
  480
 2932
  436
 2196
 2658
 5649
 9800
 3504
 8424
 4606
 7700
 4086
 9831
 3462
 5490
 3364
  401
 7646
 9898
 4642
 9554
 6132
 1055
 7567
 6304
 3815
 7663
   38
   47
 3805
 3447
 6751
 7355
  767
 5575
 8909
 6246
 9131
 7971
 4573
 6577
 8899
 1898
 8056
 6410
 8013
 5370
 9121
 1927
  295
 9012
 1544
 8517
 3864
 8614
 1578
  902
 4607
 7431
 4859
 4785
 8102
 1641
 8174
 8313
 4258
 3121
 9126
 9559
 6905
 3175
 8049
 8348
 7882
 8451
 5491
 6211
 4653
 4955
 5344
 2076
 5017
 7737
 9144
 8713
 3950
 8070
 1970
 2125
 6533
 8399
 3032
 3734
 6665
 9297
 1341
 9400
 4971
 6430
 5439
 2198
 2393
 8062
 3247
 7039
 6607
 7859
 4630
 6047
 6881
 2253
 2888
  439
 5384
 1460
 9221
 7426
 2959
 8592
 5745
 2511
 9106
 9736
 3107
 9084
 7195
 5934
 6496
  781
 5109
 1351
 3440
 4297
 7235
 4910
 2085
 1775
 2180
 9186
 1439
 1989
 7680
 9134
 3439
 6274
 7392
   25
 6256
 4825
 6373
  313
 8583
 9551
 5142
 4552
 2194
 8244
 3679
 9757
 7818
 9952
 6809
 3799
 3485
 6115
 6435
 8604
 5004
 8948
 1848
   84
 9309
 3527
 4228
 3730
 8369
 8483
 5826
 6709
  944
 4357
 3714
  923
 3208
 1120
 4840
 8432
  972
 9461
 7381
 9947
 1643
 7517
 2490
 7237
 9992
  956
 7387
 9129
 9488
 5802
 8277
 6504
  991
 2609
 2537
 8830
 1095
 8914
 2377
 3516
 7551
 1802
 9928
 9306
 9880
 9974
 2067
 7258
 1980
 7497
 1659
 5131
 9031
 2810
 6344
 6249
 5949
 8286
 8143
 3396
 6898
 5389
 8799
 2363
 3982
 4844
 6582
 2993
 6837
 4255
  745
 3050
 2901
 9333
 2562
 2261
 9291
 7002
 8393
 2922
 7518
 3544
  879
 7712
 7782
 8684
 4019
 2031
 4919
  354
 9344
  188
 6214
  641
 6616
 1759
 6628
 2542
 7896
 9893
 8688
 4984
 6678
 4576
 4710
 1586
 8940
  172
 3395
 8828
 8739
 4112
  511
 7293
 9563
 2640
 9639
 5278
 4769
 5224
 4856
 2666
 2575
 3408
 9276
 2685
 4407
 9402
 8316
 7415
 1516
 6070
 7793
 8440
 6226
  894
 1366
 5502
 6836
 2065
 2176
 4886
 1443
 3854
 2837
 9759
 9665
 8831
 1565
 9867
 6797
 5741
 8064
 1401
  193
 3588
 7694
 5513
 9299
 9018
 8603
 4933
 4986
 6072
 6105
 8969
 3338
 3350
  418
 6335
 4159
  559
 2318
 9643
 9593
 5100
 2856
 3681
 3506
 3760
  544
 1374
 9391
 8505
 9455
 2897
 5975
 6894
  194
 3704
 9034
 6570
 6463
 2704
 1146
  101
 7278
 6407
 6840
 8025
  966
 7879
 3294
 5777
 3626
 9096
 3530
 4709
 1035
 1397
 6020
 1622
 2378
  246
 4034
 2407
 2074
 3158
 1888
 2927
 7105
 4902
 7391
 9552
 6865
 6547
 1972
 1089
 2614
 1506
  483
 7711
 6421
 6119
 6168
 1431
 8718
 5006
 1530
  884
 1372
 2102
 1139
 4682
  985
 4909
  258
 5069
 3979
 2617
 9124
 7661
 2992
 6328
 7673
 2440
 9537
 4535
 7808
 6525
 3491
 2044
  464
 4382
 3836
 4852
  885
  904
 7740
 2775
 8765
 2520
 4435
 5664
   74
 3905
 5848
 7276
  390
 9496
 7687
 7571
  332
 1103
 7385
 1454
 5440
 3234
 7482
 1315
 5476
 8332
 3030
 3105
 1518
 1013
 3643
 2755
 7671
 4627
  169
 5780
 9017
 7268
 5890
  421
 6331
 4015
 5298
 4144
 9849
   60
 6147
 9846
 4563
 2806
 3613
 6165
 9059
 2326
 1143
 2871
 1696
 3264
 6726
 1322
  140
 9050
 7010
 3144
 3546
 5489
 2672
 5922
  569
 5229
 5530
 2178
 3123
 5023
 9737
 7273
 5516
 4433
 5261
 8742
 4423
  331
 1746
 3221
  922
 8812
 1859
 9798
 2863
 8326
 5913
 9823
 6262
 1376
 4870
 2774
 1853
 1098
 1052
 9574
 1745
 7618
 1539
 6251
 5352
 8881
 7925
 6223
  737
 2937
 1627
 1181
 9743
 1741
 8325
 4783
 8255
 1942
 7842
 4334
 8445
 7313
 8870
  750
 3063
 3929
 8137
 8722
 4514
 4947
 9170
 4146
  264
 6166
 5543
 6333
 4951
 1543
 1531
 2536
 8561
 3329
  640
 2399
 7626
 9049
 7883
 5853
 7705
 8548
 2933
 5536
 1336
 9478
   71
  702
 2009
 2275
 6316
 1780
 8497
 4321
 5837
 3767
 2171
 9269
 7479
 3794
 3047
 4383
 3671
 8970
  708
 3305
 4929
 6022
 4149
 1618
 2545
 9094
 2714
 4916
 5915
 8658
 6985
 4049
 5948
 3092
 4911
 3436
 8213
 2864
 9856
 9756
 1128
 7561
  388
 6842
 6572
  118
 7380
 6633
 4602
 7945
 6725
  738
 4541
 7142
 5248
 8100
 9315
 2546
 5790
 1346
 7653
 5185
 4068
 4688
 4997
 4143
  650
 4298
 3055
 1324
 1683
 1902
 3232
 4845
 8963
 8374
 5817
 3184
 6867
 8640
 8949
 2436
 7890
 7490
 7182
 6324
 1814
 6617
  873
 5324
 8698
 4836
 6193
 2057
 1402
 2170
  721
 2805
  463
 6676
 5097
 8076
  799
 4116
 4482
 8537
 9357
 8649
 4335
  441
 3104
 7216
 6711
 4347
 3998
 4033
 6978
 6928
 2791
 6114
 1287
 1774
 6769
 3673
 6565
 7064
 7835
 6058
 5382
 8037
 7519
 3501
 1174
 5576
 4457
 3073
 7330
 7665
 7642
 4674
 8903
 4234
 6562
 3534
 9177
 6317
 8243
 8582
 8352
 2002
 2268
   76
 9501
 8104
 1866
 1628
  468
  242
  187
 4330
 1254
 6188
 1841
  524
 8677
 1150
 1983
 6962
 7728
  827
 8967
 2361
 3413
 7600
 6210
 7088
 7543
 6770
 4020
 7875
 8127
 4545
 6516
 2968
 7125
 5855
 3146
 4826
 5935
    6
 8061
 1779
 1074
 5480
 3189
 6909
 8944
 9384
 2339
 7114
 2955
 2781
   72
 3915
 6569
 5573
 7790
 7020
  427
  271
 8218
 1414
 5233
 3960
 2390
 5474
 2965
 7581
 2708
 9405
 6370
 3095
  751
 7897
 8034
  214
 9312
 7092
  841
 2368
 7693
 6260
  747
 2257
 6970
  517
 8280
 8601
 5963
 9120
 8710
 4117
 2505
 1193
 1085
 2007
 9217
 2913
 5367
 7751
 6528
 6353
  857
 9629
 8511
 8955
 8306
  363
 9136
 2604
 4151
 3650
 2966
 9231
 9413
 5005
 1804
 8811
  743
 6203
 3689
 7028
 1928
 3454
 8203
 5133
 7052
 4835
 6118
 4843
 9605
 8894
 6555
  564
 4432
 4446
 4273
 2598
 4772
 3222
 2442
 9499
 3114
 1602
 9873
  182
 1142
 6530
 5550
 3962
 2147
 3940
 4179
 2381
   39
 1883
 4220
 1876
  527
 4930
 5116
 6953
 8887
 1939
 8514
 1354
 2271
 5603
 4171
 7743
 1235
 9674
 3807
 9165
 8449
 6218
 5593
 4503
 8689
 6244
 5193
 7648
 9026
 3733
  383
 1352
 1947
 1867
 9690
 5141
 7526
 1338
 9886
 8045
 2230
 5771
 8108
 6455
 9847
 8707
 6739
 5501
 8644
 8741
 6816
 1153
 7305
 8932
 7089
 8530
 1681
 8897
 5374
 8012
 7757
  129
  625
 8228
 6976
 9612
  447
 7903
 1782
 8631
  245
 8159
 5813
 1584
 4612
 3975
 8287
 5508
 8085
 4635
 2474
 9582
 9011
 7257
 3826
 8637
 6744
  585
 1686
 8095
 9466
 5819
 3963
 9363
 3200
 8543
 6078
 2259
 6215
 9060
 6720
 9358
 5294
 4786
 1199
 7372
 3977
 1725
 7797
 4927
  897
 4983
 3511
 5120
 2936
 4824
 1761
  741
 4675
 7187
 3383
 1744
  119
 1664
 2804
  128
   40
  210
 9004
 4000
 6823
 9100
 8760
 5250
 8323
 2241
 8734
 2303
 7367
  556
 7862
 3858
 7488
 2764
 5497
 1033
 2028
 6155
 5584
 4686
 2304
 1009
 5215
 5183
 6706
 2091
 5926
 5814
 1996
 7118
 1257
 3500
 8090
 5688
 7963
  424
 8715
 6378
 8508
 6425
 5714
 6536
 3084
 6441
 9140
 4155
 3427
 2108
 1453
 5325
 6901
 9517
 8652
 9487
 8488
 6935
 9053
 7087
 4780
 5674
 7598
 3006
 5467
 2334
 8092
 2809
 6844
 6946
 3835
 3780
 7178
 8275
 9702
 6793
 6112
 8877
 8450
 5393
 5299
 5581
 8929
 8166
 9146
 3748
 9735
 6539
 2269
 9379
 6961
 4217
 6177
 7852
 2129
 9345
 8512
 1007
 8615
 2034
  595
 2300
 5627
 9047
 3403
 1903
 9155
 8141
 8196
 2151
 7371
 3130
 3082
 6589
 8593
 7538
 7253
 9955
 8283
 3386
 3642
 6549
 1424
 8446
 2891
 5953
 6327
 9585
 3274
 8721
 7080
 2276
 9742
  183
 8394
 6069
 6351
 2785
 4192
 7974
 8044
 6024
 5397
 3607
 1826
 6258
 2454
 1581
 3861
 4193
 1558
 4652
 2317
 3068
 3241
 3046
 6412
 9937
 6656
 3344
 5911
 6265
 8766
 5075
 2264
 8907
  289
 7430
 9078
 6971
 2246
 7902
 2581
 2052
 4598
 5579
 9912
 7802
 8553
 5899
 5358
 4787
 7062
 6846
 1751
 8502
 8630
 5520
 2989
 5816
 8098
 8075
 2338
 8358
 2787
  499
 1308
 3856
 7558
  992
 1835
 4381
 4994
 3412
 1677
 2621
 9829
 6994
 6683
 1712
 5938
 5241
 3784
 3576
 3000
 2033
 3665
 8750
  589
 3039
 4803
 7200
 7384
 6393
 1312
 1109
 2828
  341
 3777
 3931
 6804
 6025
 3525
 7583
 9789
 5266
 3738
 3847
 8361
 5470
 8241
 4624
 9655
 6273
 3298
 1773
 2514
   11
 8613
 9739
 7254
  700
 5210
 3492
 3570
 8632
 1666
 3037
 3768
 3316
 1110
 4031
 3564
 8866
 6541
 2974
 5505
 7820
 8471
 7596
 8380
 7492
 5858
 5515
 3648
 7146
 7351
  912
 4067
 5726
 7357
 8891
  529
 9580
 3949
 1865
 6261
 2015
 7594
 9852
 8402
 1196
 5124
 1943
 5617
 2500
 2014
 7220
 3131
 2885
 1510
 5569
 3997
 6146
 1728
 2214
 1847
 5000
 9000
 5585
 5494
 5287
 7145
 2294
  913
 2126
 4995
  152
 4838
 3445
 3326
 3538
 2433
 8165
 3715
 8835
 5213
 3109
 8872
 6781
 1568
 9848
 1985
 4375
 3936
 3918
  377
 6586
 5387
  445
 6349
  212
 4805
 6903
 6417
 1533
  669
 8895
 4476
 9566
 3421
 9491
 3345
 3432
 5150
 5378
 5624
 9200
 7244
 9651
 8782
 1197
 2421
 3627
 3543
 3713
 5849
  824
 8547
 3315
 3311
 7630
 4698
 3378
 1367
 3450
 4687
 1070
 9300
 9894
 4063
 3117
  318
 8654
  883
 8333
 3113
 8387
 1066
 2025
   14
 1917
 6838
 4860
 8172
 4556
 6511
 9897
 5019
 6382
 5978
 6668
 7981
 1284
 9907
 1710
 3249
 8994
 8844
 3108
 1837
 4725
 5108
 5525
    2
 1564
 6887
 3336
 5724
 4403
 4753
 7777
 9266
 7343
 5339
 6927
 8519
 2072
 4649
 4091
 6392
 3007
 9635
  801
 5080
 5379
 4318
 6343
 7582
 7267
  282
 8026
 9321
  976
 3549
  997
 8690
 4062
 4871
  297
 2569
  553
 3986
 2001
  833
  696
 8745
 1821
 6532
 1845
 9708
  937
 7606
 4333
 8571
 2104
  221
 4093
 1332
 2530
 2101
 8826
 7350
  541
 8509
 6738
 7817
 5003
 4940
 4445
 3008
 3003
 8776
  802
 5806
 7117
 4789
   41
  822
 6500
 4876
 3078
 7987
 9793
 3465
 7301
 9761
 4485
 7183
 5830
 8924
 5558
 8780
 1499
 5152
 6963
 7864
 5702
 9878
 5098
 3709
 3065
 7139
 5699
 6655
 3096
 5316
 6914
 1869
 6579
   73
 6722
  656
 8510
  142
 2473
 6060
 6061
 8839
 4507
 3012
 3682
 5760
 4898
 9173
 4626
 1613
 4262
 5307
 1417
 7585
 6600
 5750
 8958
 4493
 6179
 3529
 7588
 8531
 4833
 2207
 9902
 7771
 3804
 2071
 2895
 7514
 8006
 7918
 6031
 4286
 3134
 4157
   64
 4942
 4447
 5728
 2690
 1444
 9679
  139
 5277
 9661
  649
  994
 6727
 6371
