222
7723
2392
6041
7972
2471
4476
1348
4683
7650
7613
2594
273
9306
7443
4314
9385
1194
4260
4687
1574
3382
671
4044
1819
4254
5973
3195
8331
8434
9432
2253
2882
722
639
9974
7660
5613
6052
9046
4680
7143
1793
1901
5324
8799
4108
8416
8247
1141
2379
3370
6945
1946
4563
2927
6963
207
5222
2402
8530
5064
1094
2873
8167
7282
107
3824
9124
4338
4496
7764
4656
5898
7309
2078
9046
9295
9624
3933
2512
3685
1254
9318
6284
2407
9881
2690
4125
4224
430
9371
6988
573
4647
7043
5439
8507
376
3157
8245
4689
8720
813
1623
9789
3730
9295
3782
8326
8061
3049
1872
8955
8054
8252
6829
9399
7308
1545
8008
2461
7884
4083
9101
7216
5874
1785
1292
5347
2015
4660
4758
7799
1532
1117
6113
7932
8313
5317
5299
9711
1281
6146
8285
9416
7716
3879
2517
9530
7390
5494
3504
2298
5196
2890
566
6842
8406
2096
8999
2173
566
6983
6948
9862
3324
7191
1381
2477
8829
1288
522
6597
6545
7367
4175
8517
1351
6467
144
3587
3292
9580
6565
7494
4354
5056
8006
2626
5058
637
9187
2474
2021
2248
4698
4700
8952
5721
9801
9513
9363
6539
5401
2211
977
2745
5292
3522
7798
8172
7299
2216
3067
5003
8464
6316
9318
8360
8300
7361
6717
470
7756
7288
542
1928
646
159
3618
4489
7093
7848
5349
5426
359
5939
9127
860
8369
1471
9257
8467
7356
7907
8347
7819
9335
441
695
9784
6633
5791
9019
2457
3448
5536
3459
5288
5962
9965
9604
3418
9089
5644
157
5071
9605
3704
296
8971
1191
2759
1661
4717
8021
7429
1003
1426
1610
9879
8368
4288
8030
4616
1688
8128
7920
1259
9862
7676
3171
7211
7060
2379
3029
9641
8336
6811
9467
5854
1860
5651
9064
7751
323
3444
7602
1272
8198
4663
9753
885
7877
4276
8894
6718
6167
7903
285
7897
7650
1230
12
3291
9539
9102
541
2022
2795
7542
9654
1812
1891
3911
4299
4702
5970
7762
4197
4941
9988
1099
2945
9754
7535
8004
3950
504
5524
7215
6525
702
1528
8781
3798
2879
1740
8047
9261
6937
8822
307
1161
353
7633
1119
4643
1512
8426
269
8485
4451
9552
389
2752
9169
2362
7637
8463
8496
2010
3200
8736
1426
4487
5227
7921
8077
2908
686
3754
151
9838
749
4473
7478
2755
3487
161
1824
6773
8949
4245
5626
5599
1344
8679
5870
1517
3801
5615
9726
3665
1468
7413
7256
2769
6626
5830
2002
3967
6995
6237
1071
5175
6685
4368
330
4387
1851
6540
2694
1604
1144
8359
9499
94
2658
6536
5430
7687
8046
8949
1732
7098
9304
8238
2261
5396
8646
5904
6951
1072
2819
8609
3036
9675
7315
9225
338
3769
4259
3796
7348
4281
8270
6520
7079
231
2023
2020
2855
606
2250
5829
1563
9058
6275
8132
9517
5923
4275
8337
9593
3434
2539
9784
5688
5207
1111
5773
9498
6717
1350
1118
2205
2318
4035
7118
7618
3040
5399
3887
1270
8008
6513
894
3797
5320
3319
6154
1215
3345
5484
2189
2156
8107
19
9703
4470
6856
9136
4500
8369
9366
2230
6982
9276
1081
7446
256
7446
7437
8408
6495
6087
6729
9660
3669
7823
7473
7408
5335
8029
9390
7804
5659
4790
4648
4515
6270
6827
8427
7736
3885
5954
3929
8602
3486
8507
7152
2012
5238
9876
6241
3154
9803
8026
1075
390
3171
8513
1396
9846
9369
3986
9785
3095
2275
4511
452
3882
2046
7783
5061
8384
5936
4266
9965
1978
3620
998
364
1881
2582
1093
9609
8965
8584
9935
1372
1156
6154
4867
436
1008
531
3920
6634
9691
3250
9209
4185
7206
6065
6138
4481
657
3891
9020
5036
3704
7971
2207
5641
9207
6337
4515
435
219
8056
3697
1309
3445
9856
2401
3816
6812
7653
3472
654
6478
6194
7653
3770
5955
9099
2366
3829
5210
5741
4259
6958
296
9614
1121
6161
9902
714
2165
7824
3788
7498
6381
1272
7156
4615
2246
5235
1550
9759
5024
3911
1665
525
4827
922
2985
9649
8227
8703
8555
7125
2759
5446
7577
6184
1249
5744
1564
3792
5166
6101
3217
1451
527
8872
6439
175
9481
608
5735
27
8690
2693
9638
5118
9607
7996
9978
5974
8633
5084
9001
7480
3323
3735
3186
4344
2802
5993
1753
7119
4393
681
4276
1290
1470
8730
665
9594
625
3699
8428
9687
771
3118
8530
9677
525
1678
9987
3880
1552
6509
4211
1028
511
8336
9857
3393
1812
4011
9281
9871
275
8525
6719
700
5357
8149
5346
1293
4951
3482
3756
9203
7205
4531
9635
910
7942
7095
170
3590
4590
6681
3848
2913
1018
7076
2598
2536
85
6990
1714
2429
3579
9405
7186
9277
1380
3984
2409
6404
7845
9438
4450
4663
4703
5124
5915
8772
460
7591
4626
6707
6948
5189
9379
6580
3282
4579
4037
4113
5884
1470
2359
6230
836
2209
2663
7390
8756
681
7825
3911
3808
4333
4291
2498
7355
7020
6184
4240
7195
7969
2509
2734
6081
3148
925
745
9746
4345
4553
6102
8413
6039
4857
8321
1546
1110
1090
5133
4423
2966
4913
9668
6169
1692
8102
3820
26
2178
4055
9733
7230
2935
1701
5203
427
3437
9699
3672
8224
9873
209
8089
7955
6122
4363
6472
2771
2996
6129
6448
2991
9565
2940
397
4329
9841
8575
6278
5905
9136
619
9745
1968
4819
4290
6996
7857
5747
1945
1499
4488
6140
1655
2769
2995
9027
5489
9088
9056
6891
6626
6863
3194
4470
6241
9027
4212
5438
5922
4471
3744
5817
8018
4957
1106
8292
8886
7958
5211
3702
3228
7053
3642
4885
5043
1065
5020
5294
2616
113
9733
2035
4401
3324
6271
776
854
1204
5908
8434
4061
3624
2728
6541
138
4916
6979
7343
3579
5401
3427
4732
3560
5754
4791
5160
5181
4083
8185
1604
8734
2129
7335
4697
7793
7354
8124
7893
9783
8626
5373
6573
628
9045
5520
914
7310
6840
4503
6007
4123
5693
6875
4732
1740
5940
1454
4373
5671
1682
7283
1034
3982
3764
3264
634
6137
1943
9665
5110
1791
1143
8106
6108
22
7693
296
6249
9683
6917
6633
3646
3263
2085
7031
9546
9679
3975
997
9288
2673
3067
8483
6810
9511
638
8279
7100
6750
621
6735
1264
8463
2086
2037
1781
3637
3450
8136
5716
6530
1609
6025
2763
5189
2596
9423
6883
3211
9603
9088
5005
6817
413
5304
7236
2139
4327
6138
6582
2433
8579
1075
5655
660
506
6479
5891
9075
1380
3454
5274
65
9937
714
3072
6799
8143
3535
4675
4552
9218
9138
3451
7380
9080
5257
1851
7581
1464
7609
6457
4
264
6317
9613
26
9976
6380
9280
366
7787
5199
4891
147
6591
8376
553
2929
422
9257
2591
2258
3650
2226
8562
9106
9214
3187
4289
523
9436
1470
6502
1078
9000
4134
2414
7365
4395
7204
1912
2218
6703
5070
6864
8925
4769
7477
5413
9766
728
3803
9857
2564
6144
8213
5605
7328
745
2623
9953
818
3122
3594
888
2288
5664
2901
9877
8346
7053
9545
879
2868
9867
8017
1325
7718
2948
4860
6442
7273
2930
2621
4895
4545
2713
6439
6729
8088
9076
3206
6399
7988
1110
8776
7270
4471
7955
8081
5365
6947
1129
4760
117
9009
5519
566
19
935
6296
2223
5763
9511
3632
5624
304
8462
4513
7411
7544
5903
9151
5918
7156
3028
143
7530
8784
4885
6180
8664
608
9851
5536
1079
4416
8281
4034
3197
9614
2792
4382
9949
872
6468
4797
6857
7571
5404
1122
7534
7091
7142
2911
2124
8357
5471
3806
6975
4953
7777
2293
4157
4241
1699
6367
8951
9774
4111
3184
7092
2555
6331
4985
1411
4915
1161
2130
2900
2144
2027
3245
7533
9369
7662
452
9419
9057
4275
4446
4568
9263
8867
1492
1332
2055
8315
2185
2081
4352
216
987
5081
4906
5315
4827
5486
9435
8462
4122
997
1075
1005
2521
5515
6495
8259
276
1752
5818
4113
4887
928
9383
4312
2758
2140
3682
5185
3944
6320
7286
3210
8679
2714
3943
1314
1475
5360
4714
1642
8932
1007
4914
1296
8911
8851
6712
5778
3932
2013
4161
2452
4729
192
5601
7828
6843
9135
6876
3682
340
407
5217
4361
9521
5157
4277
2464
8002
1887
1955
7708
7796
3099
6947
406
9241
9570
6684
706
625
8444
1984
4731
6516
2760
4487
1297
4967
7115
908
5932
6031
2603
6557
2198
793
8877
634
9361
8935
9090
4986
5932
4055
97
332
6314
5434
6538
5346
2280
6740
2989
2444
9722
8742
3576
5114
9597
5289
1573
8569
180
557
9934
9441
978
8462
8151
6701
3468
8710
3919
2380
42
9989
9514
6357
1980
3926
8999
8784
8794
2956
5939
4711
2046
6840
2002
3295
9567
3316
8612
7331
3103
962
7496
2026
3938
6236
5688
1541
6383
5229
1281
8792
5072
3210
5338
8213
9666
7165
2525
9745
6729
2979
5185
1491
774
2760
1668
4443
9637
7774
435
3388
3285
9817
5854
8582
7280
962
2653
6200
767
4178
2179
7239
7899
8760
195
7776
5477
5446
7348
3018
4744
8892
3506
894
1662
8358
7940
6707
1018
2708
7233
8597
3895
3141
7601
9610
5739
7900
4696
7210
3094
7647
748
2527
1803
3538
5942
7826
5690
9979
3005
6133
5152
38
7595
2347
2681
9043
5596
4638
966
1056
4117
563
3324
6821
1525
2488
1602
280
9025
371
5158
1398
1637
5286
1744
9144
9969
475
8749
6910
9646
1649
9437
7660
6693
1474
3542
6793
3998
1539
9004
5498
300
441
3703
1004
2163
5588
2531
3231
4168
593
1079
4202
2732
481
4290
7779
1552
9500
5189
6722
6162
7906
6854
5215
1227
819
8873
8666
3274
417
4842
7126
8477
1679
7248
7277
3350
4495
2250
4939
8611
9803
8820
2495
8596
7983
6081
9242
7936
8732
8137
2332
3178
6943
244
4649
4980
2501
4529
4590
2308
6773
2118
7306
7931
2864
2706
6455
152
6925
8529
1713
4855
4777
7376
5505
7019
1923
8971
3743
3223
4300
8356
335
7104
3380
1661
2866
3308
8061
9450
767
5838
6929
7526
825
6486
9547
6490
4131
5570
7334
7207
28
7218
9439
4207
5780
2
4484
6457
1152
7695
5511
8383
5106
4124
129
8294
6216
6647
6003
5336
3387
8989
4468
534
8434
7914
6328
1420
128
5795
7836
5130
1464
4903
6409
1454
6587
6948
4152
5778
4437
616
1387
2789
3660
2041
5868
8079
2740
654
8957
2592
1265
6469
4656
4129
8268
1600
4167
6941
5293
3430
3262
9599
3142
25
3063
3510
6981
7719
7619
5377
7976
3582
1877
6624
5875
1115
477
4458
315
2807
4462
2592
1814
3295
3162
1171
7643
6425
9820
7324
3370
4575
2764
5900
4071
2217
1982
2517
8150
6602
4457
8806
8395
1991
5346
2844
7944
491
8875
4739
7803
1321
8398
4207
7797
1719
6862
7629
1817
7925
4065
9714
9108
5694
8962
7872
8788
5763
672
769
3366
7477
1225
1703
1655
9941
5517
1985
5509
3666
9114
2190
9949
375
3653
9726
4410
6362
7950
8018
8540
5801
3439
8963
685
1848
7004
3816
5990
8130
6790
2773
4162
2561
1063
3876
9541
2798
3337
828
3741
7426
8621
3433
6728
2667
1630
5186
8268
1457
4583
2320
9750
5362
8624
5985
1453
984
6045
7397
7939
6209
1685
7914
9482
8316
2493
3153
198
8791
671
1454
1528
6900
1218
2366
955
1594
4139
900
3767
194
9875
4277
3589
3551
6907
5324
8108
3535
5588
7201
4942
931
6439
7911
8181
9674
3642
9616
7564
1228
1349
2265
1531
482
5413
731
6883
5088
2106
7075
6768
9283
4497
6860
4690
5189
7717
2157
6804
3178
2146
5694
2204
9393
7045
3321
8701
8930
1445
4354
2797
6662
1531
3883
1365
1887
6029
4127
3350
3032
8623
3040
8586
5723
9268
5703
7057
1643
1621
3377
6183
9995
4287
7153
564
5709
1570
7352
4384
9691
2845
5684
9381
3723
2701
1704
1681
3074
9564
1148
8437
2727
9018
5525
653
5438
1166
8986
8611
4060
6579
7455
7610
8587
2834
3764
1595
6599
2358
9027
1845
3294
9890
5981
7916
4375
6149
7971
2252
2687
4464
7350
8346
3893
9579
358
5579
4450
1782
3088
4253
2864
7391
1379
8683
9274
1190
1116
5470
1790
8952
7752
7454
5934
4212
4805
9308
3725
7236
908
333
6876
4425
3561
605
7723
8680
5068
5102
4434
5423
9840
9469
1324
3766
2710
573
2616
1410
6323
2955
7635
5997
8533
3343
3770
2009
6992
9579
1613
4712
1956
9540
6264
4675
9531
7649
7430
8601
1521
9334
278
8868
7969
2327
2680
6939
320
8864
8864
2068
8812
3039
7553
7054
6056
258
5239
6969
9306
7884
2257
1891
220
6148
6400
4973
5780
9969
1067
7789
7631
4329
812
2531
6017
8274
9413
2416
3354
3317
24
9770
2985
2894
2589
3646
8380
2220
8755
2089
6481
1044
5638
3727
5637
4616
278
4387
3051
8376
8823
8419
2189
384
6437
2633
3287
5955
3055
4019
5585
9238
269
9504
5667
8662
6835
8806
8899
4677
819
8492
5488
3373
824
9418
7730
9464
8674
4925
6288
3358
8359
5855
5197
5510
5534
23
8330
6029
2076
5021
842
6994
7482
6940
7009
1715
1179
2184
536
5711
8565
5987
6346
9428
5706
9056
5104
1293
3325
4808
2125
2045
5746
2261
4140
3050
5561
3982
9379
2713
4006
7449
2914
3702
8772
3438
6319
4414
7101
3782
2733
3614
9049
1626
6915
2861
1284
8348
5422
6733
6041
126
5190
6593
9820
2498
1575
387
8339
9727
1508
5693
8890
6627
1976
6982
8926
8790
6433
4303
4497
6968
4648
9039
9245
4841
4172
7213
4201
2515
5879
2736
441
3844
9413
4559
9804
6861
9181
4816
2840
2715
1956
7826
2448
7267
3997
9471
6224
474
7449
3310
2710
1036
2807
891
162
770
5523
8281
7491
4355
6398
153
9394
5696
8916
8282
5186
931
7664
6013
3403
8489
300
9022
4039
3111
2331
7647
5312
9178
7450
960
2309
9227
9150
2956
7024
8162
2464
235
8910
5183
9415
2749
508
9331
3751
3524
151
1510
4995
2048
4419
5830
1800
1808
8378
2036
2774
4056
9755
7565
3033
4657
9700
2682
7113
3199
165
5877
990
3296
3978
9276
2122
8986
7380
9551
5731
8484
1957
5001
74
9375
6151
7016
4573
7986
7116
6654
665
9173
614
7203
400
5369
2865
1292
7756
6732
6021
4341
4840
9944
379
860
2121
2387
4860
5582
903
7710
4128
2730
4533
6085
8131
4930
9991
374
6420
939
7071
1549
1918
2196
6919
5370
3980
3746
5407
4583
6544
5899
7953
6236
4879
6773
7259
5142
5982
8066
3755
1543
884
8981
5757
7378
4486
7658
6531
8887
126
8720
5346
5899
1651
1857
7021
313
3298
3259
1907
4688
6949
4652
8212
9816
9522
5552
6741
1854
9256
4175
6050
3706
200
1659
837
3833
4582
8634
2376
7588
6566
4506
2181
307
3253
9786
665
3540
798
7850
466
7336
536
2532
6037
6504
3057
1575
5070
9386
9299
4075
5436
7137
5392
2413
336
3622
1831
4975
2777
3024
7996
4734
3341
6941
6702
9367
2790
2820
1851
1467
4039
8315
465
1620
3055
2399
7103
6161
6472
4724
6099
5965
1025
6424
2477
4168
8612
2325
4986
7306
6286
153
3903
1268
8372
4266
3663
7179
5996
9129
8049
2583
3138
4911
6472
5730
5296
7462
4256
6800
7800
5594
2361
8948
8182
9472
2274
4592
7426
3083
3520
2818
7996
1338
1169
6816
5562
750
1072
1698
8623
4970
6590
4449
9511
7552
6201
9629
3951
4836
6748
6826
4298
2162
1741
4060
6020
7638
9506
5497
1476
2374
7349
7849
5977
4497
5448
3202
8982
7894
9766
2175
1211
1635
9983
1004
7299
52
3008
8508
764
9103
3683
7378
2387
1339
8300
3062
8351
6902
5156
4041
7656
3625
6177
3161
8711
4135
7100
7991
7948
4133
5833
5421
5762
824
739
7207
637
2023
8763
1207
8015
9494
4472
5725
7162
1844
5442
3772
3643
2048
426
2912
2710
4790
9032
6530
5950
7301
651
4142
6296
8952
2363
4406
1448
60
9870
1812
4820
4494
3379
7469
6547
5057
3848
4976
1369
1936
4226
9564
3949
354
7813
1261
5749
3166
4677
4777
9388
8695
2096
1039
3536
4288
1773
9101
6420
2226
23
4208
8993
6747
6002
5962
6172
6550
4588
5526
4971
827
6612
6466
9526
3868
7536
4606
6394
9747
7608
3640
6925
1153
1627
5768
2099
5949
3137
3989
670
268
6718
7447
6634
5021
2165
5226
8325
9280
1533
9532
5472
3785
534
5333
3693
9045
6381
72
3536
8136
8923
8490
3533
2834
126
5702
8731
3121
8988
7683
4233
5223
2809
8656
6759
5246
1596
6777
7031
4447
9494
3878
754
9275
440
4699
6626
6658
9619
8188
1178
2936
572
3346
7745
4922
887
9183
4812
3492
6721
9345
3029
1251
6340
5219
8161
6682
5640
625
9248
1922
6226
6577
9404
2361
5625
758
101
5674
7140
2827
6112
250
3511
6356
7687
4113
1147
343
4174
6575
3058
7642
9804
7186
7459
6337
4199
8531
886
6176
3758
4095
7455
1166
7417
3409
9132
6949
2990
1803
365
3567
707
5959
598
3498
1896
8620
7712
1135
2016
8369
3065
9771
5900
9985
7937
70
2820
5773
7556
5277
8964
2482
4233
932
4948
560
5238
7452
498
2748
4767
5383
5765
296
6386
3240
3093
9207
844
7512
8499
519
2735
4342
5248
8013
2704
1115
7108
4007
5729
8800
2625
2773
3029
5633
8751
9551
5290
2318
8808
3955
1109
7621
3829
1764
6183
4234
2226
3986
2220
1262
6106
6704
6806
2627
4438
7562
5286
5830
529
9072
3487
179
4649
9013
9376
3252
5497
8580
9404
8858
1791
1630
1315
6433
582
7649
7678
3937
3838
5162
2915
1259
4003
5812
7429
5726
7211
6052
2436
4555
8510
4259
3501
7568
561
3136
8734
6481
7611
2376
8109
4225
272
8782
6162
2222
4680
6394
9474
5750
6539
4156
5754
1437
5468
4467
5484
7199
5137
7844
6412
5533
3514
6673
5218
2936
8769
2123
2880
1958
9268
2800
1186
8552
1830
1272
9560
7000
4564
7916
1550
8120
6327
5799
2469
6685
1535
6626
3183
3162
1825
6710
8083
8748
5999
9037
6921
8814
4984
2998
5767
876
7029
6105
9330
8996
9522
5899
8365
5262
6042
2782
8456
4713
8742
8598
8076
7297
3562
4693
4540
5574
6795
1395
8790
5909
7725
7699
5887
6098
9838
5612
7173
1451
5738
1780
6934
5803
5891
3993
6895
2762
3950
2182
6315
9357
9550
9323
8195
5769
330
110
9946
6204
5424
7146
4417
3422
768
917
9002
941
9775
2382
7000
7622
7296
7287
4264
2335
7476
5661
7559
4721
2700
8452
3690
9009
7638
6484
1086
8019
8908
7190
2706
8258
2873
9149
665
7849
7151
1429
9622
9407
38
577
2052
920
1723
82
4209
9628
6408
510
3878
4225
2920
7424
8439
1263
5947
2157
8545
7739
5729
5456
7947
2348
6091
2240
3779
657
1079
1014
4362
7327
9502
6033
1632
3008
1378
8490
1243
3898
4991
8073
8865
5349
7900
9609
1710
8187
7823
8788
3480
6321
3697
6245
6596
4113
8555
212
8624
2115
6063
3963
3061
2485
6674
8757
2884
9303
5592
1772
1841
102
6263
6351
1955
4845
6553
5432
4023
2731
1064
3830
8411
1674
9378
7884
5539
9563
2049
9401
2580
7125
1847
1805
9791
3522
9377
1691
2984
3174
2053
2716
6767
9563
4085
4845
4932
4024
7844
9272
1291
6374
4974
4968
2382
4989
7571
3326
183
3244
9987
3631
9008
1674
11
3260
7495
7325
9177
7272
4790
7251
3079
8144
7623
6335
9809
9172
5628
4827
3222
6911
8975
6845
6230
2610
8528
7343
8633
9975
737
9831
3046
5802
3678
3148
6286
7189
9839
4119
2669
9861
3217
6215
5881
7850
902
9390
526
8268
6043
4928
2053
2285
9859
2231
708
5083
8436
7252
1295
9809
8070
8956
8297
8989
7617
1708
8794
1985
1240
9083
7366
7397
6481
8257
9142
6154
3440
2494
387
118
3462
612
7284
263
305
205
2379
4309
5710
3115
1159
8520
1417
6184
7706
2495
1437
8643
2026
3021
5008
6984
479
570
329
6175
6154
2628
7739
5701
9326
5929
2215
2304
1811
1626
9113
9242
4169
9838
449
9106
2442
6991
6161
2516
9736
4707
3214
5558
3049
4073
2306
8934
5293
988
5200
9412
5787
5994
7607
5046
7665
52
1247
6301
7946
796
179
5218
4102
7543
8374
3334
4634
7454
1031
738
2273
8471
29
8183
2116
8728
1431
7716
3667
6621
2454
2223
3721
3430
9399
7321
9978
3468
151
6329
118
5361
2325
2047
783
6280
905
2153
9352
404
348
5500
9164
2011
6678
1615
8481
4146
1349
9618
4822
7727
3914
1009
9207
4888
2172
6212
9745
5359
6813
4561
7601
6510
868
8278
6304
627
6869
1895
4600
8380
5013
7530
1506
5770
2262
7166
2448
4873
1142
8932
4806
3385
3926
9027
2783
8701
7578
3975
3591
3504
5332
9078
4966
9279
2610
9185
5405
8853
6084
6593
5545
6643
3013
9982
6655
2595
9048
778
3876
8919
3614
4866
2673
7005
5799
1568
7211
13
1422
3246
9940
5516
1422
4857
4910
9088
179
3354
9727
3572
7067
91
3208
8432
9110
4615
5726
7885
6308
2613
9938
9852
6386
9326
5670
7809
3886
4563
9789
7338
3343
9788
5812
6231
8187
7590
5302
8049
218
37
3061
4375
7716
5
3493
9505
3006
2409
9936
8716
9073
7936
5512
6749
7156
8822
5317
4816
8648
860
668
1356
776
8200
3220
958
116
3190
3435
6807
804
5803
1826
7759
9744
4952
2809
6896
9416
6010
9482
9406
4352
8476
9518
8393
8638
4713
8246
5815
6652
6662
3248
6000
3466
2854
125
6747
4727
5261
9692
8748
4302
5224
8242
5183
4915
8661
9710
1689
3676
6675
6316
1485
6238
8578
4106
5768
209
6812
2441
6198
3887
1120
4506
4060
8529
6790
5265
9952
3923
620
4803
6180
4206
9251
305
1962
2079
8384
1926
84
6533
7377
5016
6829
8235
7255
1777
5494
3994
8734
4113
4181
7975
5591
9427
9009
2184
9228
2417
3843
7572
3103
3716
6451
596
6365
7369
3937
4013
2119
4991
8231
549
6969
6795
257
3621
2743
4262
6079
5347
6408
2472
7140
9997
9644
9826
4104
1480
9942
6812
9790
7545
5329
7598
4544
4615
3409
506
2568
9314
8563
6441
6832
5186
3325
2242
3172
9755
9870
5601
7117
6583
1910
9693
5347
2964
9309
7910
9542
5504
9138
3672
9341
8782
8041
5394
6081
6090
3900
8052
3284
9280
5706
3853
7548
3357
6044
7656
2494
3858
3216
6185
3996
9312
1641
9769
4142
1038
8796
7785
591
1430
3636
7989
2494
2419
1444
1292
5435
7757
7649
5796
855
9048
2812
9662
8237
5234
3673
1138
3953
467
8327
6619
8888
8058
3261
3586
1128
4840
6298
9152
6306
2024
446
6381
1219
1883
4947
4247
2431
5819
5172
3134
8613
8192
3943
1474
1481
1282
4683
8545
3050
7674
6856
5834
3810
7331
7886
1335
8643
4691
3556
8882
8022
7361
7147
1077
1331
1839
2055
652
961
3907
6111
2246
5717
2022
1191
3269
4547
4886
2505
7124
4362
3974
5843
8037
5040
7091
4759
5979
8135
5417
3925
1190
5163
1070
1730
7267
8896
5029
4846
9305
3211
6736
1957
1407
4097
9275
4773
7459
4774
2671
4396
983
4837
7368
2692
6854
6857
1681
8258
1090
8829
3286
6486
8859
7439
6212
6044
5320
7407
4753
8866
7666
3186
1472
6221
5570
2768
6760
5903
3792
1952
6521
9722
5873
8032
6404
793
2117
7035
6283
3827
8233
5355
1738
1761
227
4233
7965
609
2747
1651
3335
7621
4924
3020
9105
1088
225
6054
2034
7177
3768
3450
6893
3320
8022
9574
384
6366
3218
6577
5317
8410
5976
2558
4848
5535
2419
3041
1549
6948
4009
3522
5969
8147
4494
9920
6167
6712
7741
5404
4730
7794
6833
1269
5602
2992
8931
191
3326
5268
7939
499
4541
7024
6591
2222
2500
1513
7793
2729
3830
6698
9653
4259
2324
8958
2885
4115
4531
725
9079
4638
6503
9662
8404
6061
6151
2103
524
2069
3739
4311
7625
1086
9107
9452
7776
7941
9996
1418
7672
155
300
188
6198
6981
9471
9429
2436
7602
624
8753
5361
3796
8502
9468
2515
1528
9003
8393
8326
7953
5958
84
9773
5939
6886
2012
516
9613
7047
8200
7899
5206
5751
5329
5177
8645
4642
4026
7001
2113
740
3104
2141
2504
790
7221
1346
2654
8890
8736
3712
1704
8192
3667
4558
324
4479
5020
4063
847
7678
429
9334
3244
9939
7837
6018
6189
3763
8119
860
749
6995
6436
5197
4225
9450
1987
8300
8262
6130
6039
5257
348
5941
2794
4795
6723
438
2218
1875
9792
3412
687
4876
324
534
8216
553
6069
4223
2379
3918
4734
1513
9889
2422
3494
4785
4887
6735
634
154
7005
8941
3412
7354
1370
6486
401
9072
4351
2711
3290
4260
8194
2308
3719
224
7618
730
789
9598
3737
439
562
287
9595
5193
2660
3089
856
4209
4317
9799
3336
1628
6583
5618
6994
6240
3335
6678
5568
3249
5346
355
6755
341
3673
7767
2999
9760
4054
2427
6177
2555
13
1520
9725
4398
5711
6311
7804
1827
9771
8923
9711
3395
9252
5171
3070
3283
914
1740
1694
1220
6724
4172
9684
1396
7574
8910
7791
9078
9271
3662
7693
461
8849
4349
9230
7799
712
7308
1511
1274
3548
2393
9433
8716
3164
4355
6214
4042
5133
5120
455
2516
5946
994
2007
9967
6276
1036
9640
1728
251
5534
5905
7931
8554
6713
8571
5207
4410
1914
2456
1408
7309
2802
7392
5139
9776
5677
1820
5855
4742
4454
4764
5053
837
9618
8526
9721
6451
5949
5942
9179
2478
3937
3078
5627
8872
570
5491
8416
1777
4647
8781
1808
57
9689
9414
7879
8916
9725
3489
7593
6701
6780
1612
5622
5804
3226
7549
8872
5766
6466
6908
9507
3171
7765
5778
7335
4571
3660
9812
8790
1205
417
5795
8412
9150
1187
9821
7843
8789
4091
137
553
9825
4952
1085
9549
2567
7396
5780
5778
7800
2477
6722
7827
7531
5488
9811
1898
6466
9449
8354
5089
4767
7110
3347
71
7186
4134
3178
4393
7830
2035
3239
4109
9184
7757
157
4123
4203
7889
4819
8919
1062
1989
8674
4382
5467
766
2339
2964
9486
3028
1315
9514
5494
9920
5792
8430
8871
4034
872
2197
8956
5259
7955
4749
6070
5447
8639
4531
1244
5446
186
9964
9259
7477
9661
992
1196
2399
1684
9691
2602
9405
3821
8496
5828
1261
5887
258
8797
1626
104
3754
7604
7962
1811
2326
1377
5204
7576
6458
5819
8925
1651
38
4715
1760
1359
971
1980
2782
4945
6989
6234
6369
5726
6398
447
1070
7647
2736
2592
8246
4085
9281
512
9956
9837
6507
5339
2356
1392
9277
5106
7063
1851
9904
3184
1470
492
5881
6349
4857
5284
4260
1699
1521
166
8706
8569
5689
1692
6101
1429
5620
8348
895
4598
8282
4716
9943
2960
6240
5649
8309
304
1386
9391
1436
5526
2280
4471
946
2763
4610
1419
9003
6856
5371
3216
1364
3932
6314
4187
6031
9402
2091
9947
998
8366
9161
8254
7609
2475
3455
1657
3409
6301
9056
2908
1000
1333
6969
1602
7594
6483
2583
3325
5764
6716
9075
879
7053
1527
6743
7923
3798
2673
7737
9037
2283
507
7158
9846
4583
6407
9133
2113
9344
3704
8793
165
7824
4181
1544
1743
2658
9109
8719
8610
7269
2189
4262
150
7245
754
7423
1674
7757
7245
246
2993
9674
1302
4799
458
2554
4043
7251
5831
6355
4029
5730
7574
7985
3089
2380
7806
9413
4604
2294
8844
6625
1486
4226
3553
2179
9892
9300
3301
8736
8991
5010
5052
5578
2378
8462
6556
8242
8995
1783
6197
5266
5385
1481
2998
2153
9874
7572
3178
1841
4151
8624
5566
5402
9862
3726
5463
755
2666
4972
6894
144
8301
7412
2079
7581
2256
7020
3175
9449
7830
5508
426
129
180
9848
7591
9729
6645
4155
1258
8894
1726
7366
258
8154
2878
4458
6071
574
7125
7867
5856
1412
5329
3711
9175
7476
7371
8231
7746
8020
8182
6254
7196
4974
1262
7193
8978
4797
3945
3267
2223
5953
6069
2872
7181
5268
5932
7699
239
5759
322
2652
6092
7779
9213
673
7160
5491
2772
3411
321
7399
7179
9985
8898
4974
476
6489
2075
732
2686
7504
1437
7970
7097
7616
5724
5019
2
6242
8451
4387
882
5080
3880
9774
318
421
2215
9156
3748
482
9422
3739
3978
8927
7814
5215
1563
3351
9067
2357
4692
230
9458
9495
3779
8190
8001
5029
8253
2928
8447
1973
3447
5459
1133
4084
4154
4906
6039
8644
9694
215
6889
7153
9769
1686
6255
172
704
6578
9486
8787
4485
1541
9783
2780
5367
5352
9992
56
7487
201
5360
536
8079
734
5277
9677
409
5653
7430
794
3467
3329
6021
8909
3859
2653
6062
7702
2942
5049
4947
4416
7442
9443
143
7341
1367
9482
1780
2309
8394
129
549
2853
4584
1548
5061
5530
978
1360
1428
4485
3922
1024
4670
5077
9364
3765
1630
9344
6858
8634
2941
242
7291
9614
1566
4616
5657
306
4980
6807
6778
9620
8239
7082
420
7501
4023
8472
164
6008
1989
4717
1532
9126
810
6412
8094
4733
9457
1653
7500
9887
7562
7523
2435
6267
6683
5907
8342
287
8237
9016
3382
4320
7281
9844
6219
903
2376
6648
5803
8442
7058
8747
4624
9906
2171
5182
2377
6265
8604
8609
8832
3186
713
6380
5005
1165
9614
8758
408
3117
9313
7673
7762
4975
453
7895
5363
5260
4331
81
417
7756
2620
4614
5391
5335
275
3968
1055
565
7348
2762
2829
9769
2404
4145
8581
2788
4712
8527
4269
8111
3404
1604
2036
2152
2913
9383
5691
2684
8050
1570
8080
3821
3940
9087
1744
7595
4421
5620
792
9875
1714
5481
5684
5111
445
6848
9352
1497
8196
5959
6550
7030
8909
3452
9978
5758
7511
2350
3516
8109
1252
8867
6881
7845
1350
7469
9389
1197
5274
2333
4308
8452
9489
9274
8337
4290
9688
8965
4676
3263
3114
6062
8758
8888
3408
822
1847
8365
1554
8356
9565
4660
9175
3544
653
3487
4497
8203
4692
1720
3893
3487
4178
3058
2268
6052
8260
2360
1158
4033
2835
9285
894
6856
2
9719
4475
8568
5109
1312
5098
2401
97
5408
2225
4866
8728
1542
8180
355
4
9465
6657
7767
3449
6172
3646
9473
3979
9374
4783
4685
2238
7385
7598
5413
7963
5747
4287
7632
4932
2437
1005
6677
9623
4362
6724
8924
2759
1277
6356
9748
7538
5561
1245
6989
2057
2148
2324
9349
4426
5936
7943
7302
9148
4598
2522
5035
3097
3702
3024
627
219
9602
922
2782
8542
7768
7447
8587
5522
4941
2095
4114
8650
138
5380
4989
7983
5059
9516
6934
8092
6832
4897
577
707
9050
2389
7601
7350
112
9112
7150
714
1736
1257
4998
8716
8234
3686
6250
9037
1479
7677
7268
7201
3083
8723
9160
4912
4764
2601
8874
3538
2998
440
7192
2019
4325
4421
724
1665
4881
5480
2008
7104
2537
2072
8461
8091
2366
8240
1609
7017
8857
6198
9751
3608
8934
5662
1880
4363
1949
1241
4481
2759
1224
9034
704
6961
885
7223
9537
4853
8197
7704
4769
4119
564
582
2352
2634
8717
3754
1652
8906
5756
9119
8756
8868
2784
3052
926
1546
7538
3568
629
1160
3377
7712
7924
2875
9383
5215
3664
4856
9081
2095
3481
5918
4232
9677
2349
9179
4955
4648
3744
4409
9571
9841
4757
1991
2678
4472
8204
7548
5718
8281
6836
2023
5
2184
8663
2107
5355
1518
1767
4391
8364
4109
4579
8620
2492
3546
7199
6556
1378
6619
2011
7679
4016
8842
6965
244
8179
1872
8023
3105
9918
1710
4757
2123
9875
3510
666
757
6675
930
1696
8773
1769
732
3300
3372
815
9905
6828
7616
2998
7575
2030
1744
1238
3437
2878
360
9039
8106
6134
7799
3374
1926
8791
8119
3143
9194
2084
4172
5758
8170
9095
5493
3697
1693
2798
7165
6733
9781
5478
744
2537
2781
3421
2504
2826
2361
4715
7153
1424
2680
8305
1367
3984
3620
585
6006
7519
9335
3602
6883
9226
288
158
2426
2509
4280
2465
7329
3583
8146
5301
4790
6568
5600
5862
6125
8667
3550
3034
1022
8801
9993
5418
105
9911
5477
9745
2176
4135
2232
6095
3772
9927
4150
241
2344
3667
2322
7131
7172
8723
4434
7557
1747
5218
8412
8234
2702
5596
9623
8168
6075
3603
9348
9656
278
7892
6899
4504
5918
2121
6249
1755
9606
4882
2406
2423
4583
3299
7398
2314
4577
687
4666
9696
7583
1428
5126
999
4318
5786
5803
1297
9076
563
5225
9532
2018
6124
1504
1499
325
5391
3434
148
9863
1225
5079
5246
1160
7617
377
6779
7234
4973
7631
1036
1873
4726
5661
9467
1463
7611
7524
3620
3492
1845
4444
7914
1662
518
3952
4422
7653
880
2566
2136
9539
9925
8688
7611
8008
9349
2075
4641
3296
8503
9823
5082
4004
2304
6399
4544
7985
2967
3127
2064
486
3535
5647
719
5424
106
7159
9886
4461
570
7798
8198
5530
8624
2749
7548
3171
5336
8034
1660
6819
4918
192
2699
1175
6692
315
7503
2255
2384
4087
5644
4619
2707
3655
6526
3582
7121
8252
7273
4979
8353
2211
8534
466
1638
1696
3274
6489
4239
1566
3486
7027
8529
5647
8107
6271
8725
2743
162
447
8041
1225
5883
1346
7113
8310
5310
7875
258
4458
7602
8814
9337
8323
9309
7474
8907
3768
5481
8914
4306
3307
3421
1463
6888
5126
5949
1849
2442
5444
5420
3843
1841
3932
2455
9323
8340
8665
831
377
4973
8338
9168
721
2468
4101
5546
3306
707
4273
5731
3103
3107
7596
7746
4809
4410
3640
4085
7056
677
3782
9357
3115
3500
3483
7541
8141
7566
152
1069
1239
9278
4902
9511
425
4550
3418
3032
2894
9017
3013
7545
8088
4594
1658
9235
4816
158
8452
1505
1106
8659
702
1336
1054
2015
5024
2220
1755
7376
6849
9010
2413
4317
780
2963
8208
5429
7309
9335
1472
6092
3950
5963
8704
8959
1044
729
7486
9298
2723
5574
5597
8538
7361
391
3554
7705
9430
1165
7886
1800
1704
8435
7393
200
2720
5861
816
6140
2846
9943
4208
3826
9424
1078
8474
4952
414
9676
9009
6901
8108
2444
2242
3541
9136
844
513
6077
3436
232
6184
2492
8791
7941
8721
282
6773
7847
3568
947
139
7783
7612
4239
6902
4853
3078
3347
9619
7068
9821
6127
763
6315
7781
5626
1993
4114
1109
8044
4341
4870
5147
8947
2834
3994
4832
5998
112
1830
3812
4121
9230
8165
7505
4548
2982
4338
4999
124
409
9641
1666
8833
8694
5359
4491
2719
7863
62
2095
112
492
5704
7241
2231
9153
147
2116
2756
8253
5855
2907
8445
7073
6
6802
6133
376
2274
841
5869
7380
1084
3345
4869
8233
397
1288
3706
5144
4505
3760
5488
6566
4413
1303
7504
8314
4086
3945
2491
8995
9975
2276
1563
9289
427
5773
8320
9102
1159
5053
4199
9935
9114
1957
2553
4966
4138
5120
3115
3634
8886
6434
3161
7804
7527
9744
5943
761
4754
8728
209
8765
4052
8824
8979
3054
9016
8480
7621
7191
6041
4341
883
207
259
2200
5907
220
3273
2835
6539
6539
1280
839
2443
7895
192
2336
93
4895
8467
3026
1152
7391
297
8064
8692
7142
6236
4796
2637
5131
4189
2802
1253
2125
7469
2375
6613
9300
429
7844
1347
1462
8667
4931
327
3398
3420
1116
9052
2884
9961
6752
9505
4743
1271
1700
7299
6694
1690
8670
6700
2628
9678
1662
4170
1964
8720
9772
952
987
7234
9037
8905
5468
7897
3281
9487
4433
8659
16
6962
8754
6063
9931
1068
7442
2241
3862
2167
2340
247
8624
3285
9153
8188
9305
349
870
9316
1359
3976
9804
79
6791
2381
2654
1533
6991
1454
7562
5354
6163
3456
4361
1169
6813
5948
8075
5073
2026
4997
3841
489
8948
2469
8380
5906
5460
8509
462
5750
3418
2310
5216
3204
4938
9151
5169
8020
3677
9014
8688
2629
5088
265
5033
3579
3876
2240
3929
9001
359
1309
2379
9791
6581
1119
2558
2888
8305
177
6585
869
9507
3457
1619
5866
2884
5783
9755
9592
8337
7856
8196
8869
6162
789
2657
798
1554
3388
3236
7723
6493
7443
4976
9754
5822
1415
2565
6012
9025
1971
9397
3101
9819
8757
8537
3262
3482
1296
9738
1230
2612
1907
9973
857
3700
4497
54
8119
3357
1944
7236
7179
2607
8641
884
3598
1902
9270
6218
8322
7698
810
7193
7231
6972
6906
1213
7309
9711
362
3859
415
3588
4223
3763
3523
5049
2861
6994
9677
4275
9550
3022
4996
3479
9817
8328
3029
4029
6330
3713
4740
536
6952
8125
9427
7613
3104
2971
2061
5635
4234
1889
6906
6748
9551
5276
7525
9448
1532
9806
7795
324
3703
4974
8137
2206
9469
2447
6259
249
2208
6519
4150
8495
3417
1588
3472
5129
9062
4099
8846
9581
815
8881
6381
4021
6289
2252
6575
2385
4393
5922
7418
3344
8958
3517
8525
8728
177
8079
7292
1021
5688
1484
5465
6266
5436
5518
5043
2827
2719
8911
7278
6012
3120
5073
6281
1245
3171
5222
288
5567
7815
6124
9696
2786
986
4692
7121
8952
3756
4584
6019
5308
8409
4470
6795
8100
7017
3696
2529
4384
6077
7410
3731
7865
7120
9437
5700
8044
6905
8634
5515
5791
6973
5896
4963
5860
9803
8290
7883
6334
1879
6831
4725
8304
8415
5280
1425
1917
3803
5106
1558
4573
8766
5564
9870
2025
4425
5294
1992
996
1635
2781
6218
2984
9182
2107
2390
1083
2283
4415
9778
6171
9767
5990
4535
791
5051
528
1829
1527
8623
5464
2194
4071
1312
7521
7052
5252
150
380
9583
5830
6215
4197
311
4648
6885
4117
6702
6838
8840
4331
2613
7504
5901
4677
2620
7141
4896
5708
2506
5585
2112
1700
263
5059
2541
1300
6419
3535
3913
2710
5865
4977
611
2679
5401
5728
5383
8105
8457
5313
3669
1732
2165
7791
2124
7572
6786
8418
9315
408
3933
450
4545
5578
6191
1037
934
2492
4122
7857
1871
1201
1703
7241
3869
6899
7170
5387
8604
2090
8786
7667
6069
6141
4298
7774
9432
9365
118
2837
5369
8117
5534
4919
4232
6566
5672
9116
6532
164
2316
8816
356
5130
6836
6089
7472
1526
2679
8921
7473
6288
2680
4296
2993
8148
4947
9017
4747
2700
3261
3886
9762
8297
69
9096
9585
4208
3702
6305
203
3414
8233
5621
7573
5847
5498
9352
5905
7359
9432
9815
6510
6235
7146
3001
6162
2894
1856
5582
3423
640
4390
4011
7063
8872
9725
8128
9137
4060
9964
291
457
1215
9790
3663
2304
1488
3012
6742
5356
8723
2299
8416
7783
7694
9070
4988
7127
8155
3397
3271
7642
6415
5372
4465
1008
7377
5127
8383
3536
4126
2280
9463
9330
7083
6273
3904
7856
7830
1745
3598
2395
7198
3047
6341
8008
1908
1088
4357
6658
4229
7767
690
2532
8341
854
4699
4673
5660
6037
1400
7319
2234
9506
7052
6561
2888
8984
3651
8738
4314
4333
680
725
6913
8466
5113
1535
4780
8177
3350
5065
3643
5221
9563
3453
12
5609
9435
4133
764
3589
1474
5466
1474
7393
7685
2908
4406
2640
6026
9538
956
8260
8046
6766
6186
8962
4062
2255
5978
6128
3202
1072
3130
1871
8221
2141
4599
231
4200
5897
9666
3960
5935
5488
197
4672
1202
1167
1325
214
5327
851
8772
3002
2959
8135
8987
4443
7131
7109
7693
8343
6516
3634
3482
3951
1353
3819
7498
3556
4044
6346
7622
5975
1626
4359
9876
2922
7760
3639
7034
534
9983
1664
7425
8277
3322
809
7502
3909
2001
6334
814
9869
5422
7847
1727
792
5939
185
2252
3242
5618
7135
5271
2089
5452
1304
2712
681
3057
2631
6265
4135
5515
6942
8999
5525
5663
4456
9761
4653
3979
5334
9379
119
7142
4051
7853
1098
2278
9878
9431
6654
8138
6332
747
8326
3827
6131
4938
7887
492
705
697
309
4360
5862
7090
7743
2065
6561
9913
7799
9412
5694
8149
6396
1460
7538
205
6657
6744
7498
711
9959
3873
9137
3746
3909
8989
2341
5195
3443
7966
1631
8745
9742
6633
5100
3320
6554
2566
1331
1025
1337
7570
1513
6875
1486
456
3672
8222
9276
2551
7982
8945
876
3511
574
2064
640
1398
356
2140
5543
3213
7387
1239
7148
9025
4372
6033
6393
2562
2967
419
1590
9411
424
3009
2172
3731
7884
5144
4013
2657
8035
1932
5516
6679
3454
2580
1299
8631
4991
8208
1506
2593
7553
8841
9081
4746
5207
5540
8248
5192
2336
9495
837
9773
8121
7891
9714
3997
778
1960
5380
1634
3758
2649
292
5651
2554
6369
662
8866
4426
9649
7613
5956
4136
1326
9731
7918
9824
3179
9624
1803
5473
5836
458
2118
2919
2384
6518
9832
7909
1120
7553
5774
1386
5068
602
5686
3940
4784
6730
4224
2338
6990
5638
6470
5932
4311
1321
8799
2268
8353
2546
691
2069
8399
5803
1452
7430
7551
6538
5721
7564
6464
1232
7224
5464
9942
1805
4400
9647
1858
8789
8687
2878
1321
6836
7270
7238
8532
729
1083
8594
2585
3634
8408
7209
8827
695
9666
5067
1501
4158
7453
4807
5994
2858
2562
7566
4220
9289
5758
2126
4794
7054
4305
3127
599
7265
9390
5303
4216
8688
6451
1170
3915
7188
2090
4502
8292
4380
9215
4634
3617
9031
3299
8447
859
7879
5684
237
737
5387
8314
9471
4919
4396
5540
4552
1983
6036
9657
8741
6523
795
831
6836
5087
1579
60
4556
2824
1581
6477
6941
877
7803
2189
4095
6981
5242
5596
4958
7391
1176
408
1583
782
4489
6165
6588
2403
7262
9018
7857
2408
2879
3545
1724
8480
2860
3641
9704
4820
2866
9667
6957
9281
4245
1426
639
1236
9767
1292
1106
4365
4657
5426
5660
3732
2686
5691
9386
4281
2324
4131
241
2375
5169
4981
5860
285
885
76
1162
9600
2005
1329
5837
4753
1146
2386
125
3084
8354
9671
5432
9582
2940
3169
7566
8073
213
3269
462
3155
4771
8491
6564
1254
663
8042
5190
3650
7182
121
8024
4413
9905
3817
1090
6265
8969
1819
364
1518
914
9660
6220
1938
4109
7647
4717
7228
4211
6797
5856
3961
5443
3802
5096
4159
604
2911
7446
3677
7333
8788
5264
7042
9236
2627
1288
8338
3273
9875
214
8283
6739
5803
5578
3926
5019
2296
4305
9767
4518
7154
4114
3731
4031
1786
6987
3232
1857
7640
7241
3915
4090
9831
4099
4959
8593
624
4228
6426
7960
6360
8227
2302
4189
8154
2752
6321
9058
2432
8856
6186
684
7178
1312
2471
6089
311
4632
3046
491
3697
8158
4837
8860
3709
432
1575
1357
6660
9325
6675
7089
5745
9560
7025
4414
9424
4236
9389
1998
4157
1532
4498
3637
4522
7478
5684
8651
7036
495
8057
3078
7226
7009
85
7031
9554
6208
4750
5938
3747
3732
9909
3674
7590
3607
3742
2988
8779
1973
6016
4654
491
6986
623
5460
7351
9118
9269
6197
2131
4937
6811
8979
9398
972
4160
725
5874
5409
2905
1863
9043
8586
6899
5901
3480
9214
1184
8883
9924
7001
2417
58
4941
4168
27
3040
6793
9056
6090
5351
4794
7809
6235
4222
4674
1583
1438
9013
3571
4868
9462
5708
727
5104
7240
9613
5444
1182
8633
7236
7914
3513
4949
2982
843
8522
3522
5369
9371
3900
9421
1457
5441
3829
3440
5193
7630
8459
4754
2385
7823
2989
111
5486
5814
7994
6249
2124
8660
789
2200
8192
3921
4582
4433
2513
7244
8561
7070
816
4748
215
4950
2443
1245
5435
5200
988
417
9558
889
4067
8173
1351
6195
4018
6372
6803
7474
4129
8326
2855
1190
3711
2468
6373
2159
1282
6196
3858
8213
8538
7845
4820
2443
4309
2588
6102
4188
1304
478
3633
453
9383
7918
6577
2472
1882
9451
7333
8902
1313
2949
4686
8220
6604
7702
7228
766
6945
5217
9548
1062
8877
5094
6717
7154
598
9130
9728
781
1897
6236
2972
7124
3363
7101
732
6085
7864
5234
9025
5259
6454
9700
1899
4660
7018
9026
7602
6085
8726
1705
7432
2319
5071
2282
1552
7792
9916
888
3738
4571
6669
2876
4607
449
1183
398
3032
1586
4115
7458
6107
4139
4477
3142
9506
9513
9080
1908
3915
4103
5911
1072
4670
1088
1004
2098
260
6330
6150
3900
1738
5216
7256
2036
8775
6933
9053
5386
4970
3939
2542
6090
1319
158
1517
436
5186
4120
624
8429
4276
3231
5433
1624
5541
326
8918
8783
425
9779
6607
3170
7160
2737
1643
7843
3836
1853
3605
1964
8283
3979
1212
5702
8350
8473
6708
6884
9715
5222
3204
5835
1591
7301
5184
5680
8762
5622
9155
4984
8769
3764
365
8682
3254
5490
8231
7081
6518
9092
2741
3537
1911
8140
5841
3647
7205
3517
877
7964
498
251
4480
7428
6043
8500
7313
471
2542
667
3777
6745
4481
12
8101
9235
5855
7345
8963
9
4207
1140
5757
5864
5279
9983
6300
2685
2798
3335
9284
2174
9763
8210
5378
7067
8917
5713
8847
4062
273
6272
8239
1753
4012
7688
6170
67
547
9875
6848
3693
5413
397
2281
7551
3196
4526
1380
9333
8034
9604
5904
4211
8235
2159
7920
8620
7814
695
2268
4590
6603
5908
6939
7776
3750
7495
7079
3854
5771
332
9143
1449
2667
2228
6114
9698
3098
108
8334
4133
6650
7663
229
8062
7482
4273
6650
3936
7541
9152
501
3544
2447
1548
3924
8581
4874
4909
1571
1032
9365
269
8062
9161
5182
6121
6621
7368
6632
4549
6464
1070
4996
9021
2050
8286
4850
9593
6556
8603
8163
8775
4973
5312
707
8092
2477
4134
904
2318
7668
3442
1582
4617
2784
744
8154
5115
7920
1977
5225
6888
6013
2951
9305
6939
3721
7306
9167
3189
9037
1399
5036
636
3722
4500
8930
839
7703
3494
8799
3127
4919
3885
6463
7302
6171
55
4079
1691
8012
7636
9880
9159
5189
1228
7159
5184
8606
6715
4784
8489
815
9792
3775
9949
8900
8199
896
6105
5681
3941
5891
7140
2581
4510
8800
5481
5702
3911
9305
5998
8680
2292
5312
6914
7462
9755
6936
2718
7519
3598
23
521
2355
8182
9310
7620
3651
4946
9979
7935
2855
5936
8070
1588
6852
7635
8203
9273
2444
4681
6189
9128
3110
4751
5422
4544
5652
9655
5480
685
4547
7731
9805
3020
9696
6762
11
2405
6196
4777
5916
5061
9465
9286
8544
9514
4089
1271
1273
141
5533
4063
2347
9703
5432
9849
5669
7555
1500
8175
6787
6107
7823
3432
6301
1427
7568
7842
356
1858
3333
5781
5944
5553
2491
6235
9376
790
6851
2380
9145
853
8307
1626
6502
2080
7278
8530
9778
1309
6084
2908
22
8162
7059
7891
9427
5461
2246
9167
6971
6790
5383
9909
3637
8074
9652
3527
9195
4861
7609
6231
8048
7571
8825
3945
5678
8646
9983
4232
834
4777
7312
6940
2459
64
2550
6332
2074
8163
5663
6452
981
9386
6962
5794
6706
6596
4770
1119
5091
4298
611
3594
4382
2597
4184
8368
1185
6221
644
3672
1537
5899
6425
3159
6883
9029
7154
8662
4695
4960
8293
2191
7556
3253
3777
7371
1577
8490
3779
4680
9190
4349
9148
5077
6805
4015
2771
8103
8174
6104
6252
2671
1634
7893
7118
9006
6750
4443
5812
6319
9539
5247
344
5150
2860
3838
531
6843
7791
8526
2305
3279
1664
8161
7281
1386
2310
3795
7689
9635
6435
5101
9817
598
9976
6479
2059
7976
2025
1330
9561
2109
2272
7050
2705
730
9223
6273
4866
1132
720
1582
3780
8050
640
3497
552
6717
8351
9295
6803
6880
9252
8611
2158
1066
9805
5989
8038
9316
550
2578
4677
2146
9158
26
3467
8983
3124
4785
9327
5597
9791
3051
4708
2876
5196
223
8345
4906
401
751
1771
4279
8129
9036
3802
1075
2890
6533
8437
4610
2360
9235
4325
7541
3737
3771
6872
8486
7611
9920
421
3552
8559
1258
9212
5706
1426
8210
904
3168
236
9137
5757
8253
556
9180
4867
645
3769
8819
8104
8211
4925
9916
5191
6869
8190
4429
5179
1412
5379
6785
2767
3159
2179
1360
2837
55
3195
4913
9246
9665
3850
2970
8048
9967
4362
4338
832
5818
4449
8659
765
6240
280
338
2636
3382
6272
2086
9299
3548
6994
361
8344
2525
3550
7820
4027
5999
2550
5827
5644
6001
9824
3958
5634
8457
4119
5772
3635
3168
2624
3327
3520
1221
244
723
4615
3585
5281
9899
4442
5468
3500
1375
8560
8910
630
4892
6381
7866
7916
3452
2689
4432
5078
3161
6016
6782
7837
2215
2869
4214
8822
9300
502
659
9443
2521
170
7267
3004
5812
8573
5436
7625
4762
3379
475
187
9190
2853
7357
2189
6779
2676
7227
9478
3145
6391
4
8262
7659
8596
4528
4959
1195
2194
2018
7528
6951
2331
9816
569
9790
5574
8277
5697
6495
9620
6402
7167
777
9218
7462
6053
9891
6641
6700
7327
6004
4307
1896
226
6182
1640
959
3348
596
5804
3688
4067
6170
1829
4633
9486
5358
5196
2224
8068
9629
3858
1596
4429
9706
9888
2723
9346
8065
1496
8678
2105
4819
5718
576
7961
4933
3264
2568
1104
1707
2076
442
6813
6867
3026
7917
1506
1280
6447
2445
1417
7878
1061
5093
5723
5970
8121
5833
7200
7595
95
4990
5385
1026
4187
678
6258
8293
6570
4990
2590
8939
4671
4032
493
2401
1978
5532
7361
9455
2261
459
5413
7755
9249
4412
6326
8581
1562
6533
7779
6603
559
4873
5869
1136
9434
5446
5128
9278
4842
2027
9471
8296
6979
8170
4691
6341
5387
1998
214
6143
3265
3614
2961
5442
4041
184
7351
5152
8092
6020
3428
7003
5855
7084
4328
3629
4826
8040
2772
8453
841
7164
8732
9495
2727
1202
6451
2407
307
7903
9455
7447
1923
2389
7780
6230
5432
5507
1399
8863
8557
2216
8030
2147
4235
685
7426
9113
4311
8165
6104
7913
1005
3165
1717
6601
6551
4226
3895
3531
4816
2403
8888
1628
4730
8216
2010
8306
1273
5649
8020
4440
2311
5563
7560
5257
1832
527
9
6688
7015
9223
123
2818
107
8262
3696
9122
7669
5548
9447
7513
6484
7672
8769
8625
6787
9378
6255
2273
4384
7128
2907
1633
7702
8268
8312
5514
4029
3215
5482
173
916
1923
8678
3612
2976
6118
4781
2694
7818
8054
2952
7295
1715
688
5208
2954
8132
7709
521
9573
3075
409
5063
9817
268
9546
4228
3777
1192
6804
3804
9810
3757
2411
1256
5142
1212
8894
3214
1640
7784
8353
9314
6005
9006
2094
8809
4302
4323
5264
8340
3405
3207
9087
6977
2865
5482
2151
5670
6823
732
3021
6470
5331
8136
617
5983
4928
8363
7334
8849
3990
7767
6943
8672
2260
9490
4123
1374
9814
3156
9823
4093
6283
4508
335
8118
3050
4826
5109
2105
1236
3539
7308
1776
8331
345
4934
4667
3723
7815
6760
3825
6114
1284
8983
4816
1929
7673
8794
6930
6274
1863
7457
960
4259
917
4820
8798
986
1073
2802
9512
8123
2329
7824
7461
3284
2478
2748
1405
3362
7537
8552
1918
6
5005
175
3626
9360
8279
1114
6101
6202
7441
2786
149
3186
8281
2931
1438
4469
8371
8134
1423
3777
696
306
2394
2631
9164
1119
4246
9061
6538
9198
5514
3577
3331
1102
2860
3823
6177
4965
4170
8210
9370
9598
1163
3889
7013
9866
1825
3958
9233
7809
5927
6886
2948
5121
6325
3774
4660
2818
7497
5411
5135
1726
7834
3932
3378
8356
5287
4704
1664
9506
7378
8926
351
6021
1207
5747
9975
9226
2205
8188
6533
6740
7077
3248
3873
7390
4908
7300
5899
2734
5931
6784
281
1830
2876
7420
6396
8829
9012
3126
9629
9902
479
3007
9155
7082
3964
3091
5392
976
2539
3138
3188
7657
1983
687
3690
6918
1803
4099
6864
9193
979
3103
3440
2302
5789
3869
5793
5010
119
5693
7541
9941
8549
9566
72
2367
5396
6075
9816
4426
7986
7286
6468
3465
7427
179
1928
97
3824
1511
592
1220
4048
4877
1748
6984
2157
9875
3339
9795
5282
56
6610
5933
5175
13
1755
6097
5800
1815
1117
5503
8914
2127
3489
6617
8679
5582
2917
4295
7793
2853
94
7513
5372
9670
6864
8123
1900
2493
3192
3345
1997
6118
5041
3040
7036
9060
283
7465
7346
1345
4776
1591
7228
8828
8395
8486
7528
893
5434
4832
631
399
306
6347
4667
5410
6581
8857
5186
231
9903
9156
9407
8774
5390
6450
2672
2978
2911
8424
4775
4705
2451
1044
3430
7806
1655
1657
8565
7447
5396
1705
6474
8762
4894
6602
3087
1497
9826
8990
4396
1751
8132
9859
6928
9094
9237
7119
5072
2633
6743
5723
7361
6763
6051
7875
8153
3131
1328
9290
7522
9566
5767
9079
3033
1813
3958
6543
7154
9667
1043
5189
7506
8559
7997
7376
4364
1334
3851
680
3761
8944
2456
4617
111
1478
665
471
5242
8819
1552
6250
7807
237
6714
5191
3767
1886
5544
69
6530
71
8876
5960
5093
8241
1694
4864
4933
3474
7566
9229
1242
5828
1676
577
5557
2471
4169
7184
3321
2378
1697
7970
9662
4152
9517
6488
5078
9479
2637
2266
989
1370
177
2826
3311
7231
3223
9553
919
3397
8207
2780
8617
605
2395
6317
4657
6843
9999
835
5343
4588
9053
2957
407
1793
6105
7820
5914
7719
4306
3693
3843
6593
603
2422
5781
2756
6289
5527
9586
9555
1158
4407
6259
4253
2778
4948
7929
9795
7918
2513
1868
5515
219
6097
8141
2180
473
7350
3718
3296
776
5555
3416
5036
7001
7707
9546
5720
4527
5109
7219
3113
7376
6193
9479
1988
1180
567
9628
2017
9723
8109
2351
3989
2530
4230
5227
6522
3549
8567
7726
1719
9919
2560
3476
5703
2328
6939
1804
3271
2311
2311
2428
4442
3096
5618
6872
4133
2496
8640
4320
7669
2766
1750
7892
2239
4695
3927
7818
9791
6581
4332
3715
3712
7008
7201
5138
5415
5382
4218
6821
3249
8185
5517
3606
3110
3307
6252
5931
9154
1451
9254
7617
9760
9815
5582
4293
7946
8784
3133
5970
2044
4171
1405
4612
4995
7696
5045
4896
2398
2879
4920
7437
5028
6758
9596
3132
7707
4583
1251
4585
8350
8362
8093
840
5251
3730
2174
9227
8766
2981
5769
2652
5474
8498
3210
461
909
6047
5450
2122
1665
4732
2206
4265
392
3890
3300
9866
6715
2611
454
5410
7315
1840
1764
6050
6345
2581
9983
4246
4093
2523
6885
6722
6776
1069
3489
6775
1676
2908
743
8152
7284
899
6206
862
9195
448
6904
7510
2235
3507
6660
2616
1570
9873
7150
3402
6435
609
9110
3853
6365
1378
5282
4841
2620
5451
7170
9211
8454
4631
246
918
4850
5973
9319
6835
5156
1325
953
4124
7050
3687
8423
6165
347
6087
3618
2821
8225
7922
4647
3396
3254
4115
9031
4482
2280
3423
5725
5121
3320
5723
1106
7174
5760
8084
9650
3592
9134
6488
4557
9209
3443
8672
148
3663
7765
4113
5859
7558
4104
8073
5205
415
9081
259
7723
632
4071
9463
5897
1994
4185
3592
1955
7909
6973
6708
4132
160
6822
644
3800
6090
9869
7023
7715
9067
8876
2886
9765
7459
5442
2493
7846
1147
3735
2289
910
4195
4559
2148
1611
2530
5122
6257
6540
4572
4004
689
7000
5382
5955
4823
6231
875
31
205
8460
1208
4265
5098
2524
1837
270
5293
8317
2898
6724
17
7718
4432
9319
1953
1733
8304
1809
9334
2972
900
990
6141
4831
3406
5044
3084
8923
2946
411
1296
7053
8191
5663
4373
3292
6050
8392
5511
3828
7500
2489
4812
9128
636
6788
4480
3654
7274
319
2170
3996
2386
5963
271
9769
5470
3558
865
1617
3780
9793
4298
58
2607
8439
5932
6405
4008
3683
6267
7972
668
7790
2021
3387
6202
9102
7395
5026
5680
5504
8029
216
5261
6190
6984
9774
7791
3599
2440
1024
9967
3218
6328
5002
2025
6903
8576
9816
3895
5494
9149
5507
4736
4067
2855
9014
6971
1196
6603
32
486
7170
7899
8129
1741
8765
3103
4953
2535
7412
125
5592
2841
7604
7125
9789
658
7081
2834
4422
4184
9499
558
7139
7369
1234
2693
809
1095
2321
375
7111
7133
5642
6834
2393
9588
708
9010
8767
1221
4142
86
8188
6537
8213
696
7306
7679
7931
6628
3717
8755
3764
3837
1767
3220
6990
9669
761
5271
5811
8058
9449
7539
5135
8733
3975
1734
9966
1778
8304
17
3201
2254
6089
7349
6596
654
2627
1923
828
7993
5855
7263
7872
3145
1606
7545
6588
8596
6865
4586
7492
394
3799
5657
5966
2577
7027
6105
942
570
3930
4986
8715
5717
2041
4263
355
2523
6404
3776
6053
9509
7298
9944
404
5977
6175
8697
6157
7748
9539
9672
8163
6381
3092
1948
8364
9650
6429
5048
4011
6614
6008
1403
8414
5529
5988
5833
6917
6904
3637
9516
8449
5384
109
5608
7901
9969
8672
2043
3003
6371
5996
8966
6988
1755
3571
9754
9837
494
3818
6401
640
2253
452
1586
7073
5825
9093
8116
7342
2505
6988
4038
8958
2306
4795
3372
214
8863
28
2397
3557
7274
305
8820
7763
2162
5508
4963
7371
72
7097
6814
8600
3839
4162
2624
2536
4510
2539
4600
263
5888
5150
3118
6456
7523
8549
5817
1225
7961
2900
3959
971
2147
1282
1534
6594
9086
3097
6904
537
7242
9567
5958
1801
53
4096
3683
2956
6894
1657
4689
9829
67
5043
1892
9901
8601
1519
6012
5517
9172
2050
53
9402
4139
508
6455
9898
746
2411
6056
5609
8372
5468
3804
9746
8867
2180
1360
3368
7988
3157
8245
5123
3759
1047
1535
1527
5067
7148
51
5255
9801
7991
1829
3070
8462
7925
8860
7852
5667
6952
9704
902
2733
3578
6608
365
4726
855
4479
1150
8618
4584
4810
5227
686
9599
8096
3537
7759
6418
6379
9915
2593
4721
1096
8736
8237
2875
6633
2264
412
7038
9119
1060
7636
5260
2609
1692
316
97
9296
5949
8925
9115
6900
9846
5142
2103
529
3088
3389
9705
9188
4054
6966
4905
9514
9092
7782
5321
3650
4616
5415
6892
7617
7749
9294
8741
5716
180
9161
4837
72
4010
3211
6585
8222
4385
6943
523
3701
5954
9104
7256
1901
4185
6968
3532
7188
5666
1075
8141
9541
1058
6595
6217
8945
1527
8637
4204
3731
6679
5489
2064
100
1572
9818
344
5424
821
9078
6477
9885
4287
4500
4246
1149
7495
3318
5518
1568
6901
4827
9178
7235
6651
7489
6256
1322
6834
159
6460
3395
7790
1771
6012
4414
6979
3055
2547
8039
5747
7815
5106
1260
2745
1676
3673
189
2670
5110
7535
5805
5205
6905
8175
3396
8986
1066
2109
4088
9873
9671
2532
8447
1813
6748
9818
5445
7159
1944
7507
9746
4771
2148
7226
7489
9913
1727
7766
9244
3362
1266
5106
4153
1741
5367
4394
4254
3112
5250
8808
9978
4553
5015
4402
9420
7697
6004
8556
1194
2469
6339
3952
1014
9813
3803
7009
2204
1713
8216
9533
6335
2966
8732
5852
8327
3583
119
9490
4714
1505
9604
1835
3223
6106
5849
6194
5738
9697
3384
4846
5110
1871
3969
5793
6963
4627
8239
8565
9219
8534
939
7900
7756
8803
9967
7508
3044
8896
8
9080
5116
367
1820
4128
2142
3064
4960
4251
2106
7028
1918
8850
9740
8474
3226
8565
2168
9636
7384
6955
4339
4407
7826
6992
7272
1432
8397
8621
9785
8546
5267
1394
3173
7307
8324
6505
1425
5829
6287
2654
8338
3347
1067
6751
9448
9790
2372
9704
5838
5804
8144
4870
4635
7358
3799
5155
5717
6033
9574
3415
559
2460
5213
