145
681
283
845
142
105
838
377
575
411
 19
194
978
 75
901
134
678
966
895
327
472
935
654
854
459
234
150
509
832
706
825
213
188
545
456
 21
334
796
802
247
 81
884
 82
399
566
515
637
375
839
513
909
483
614
  7
943
826
121
136
682
477
339
348
642
659
 99
608
911
759
174
784
589
968
300
655
561
834
 98
551
667
 35
471
586
894
276
548
398
356
569
710
927
355
378
691
999
820
558
 40
245
388
429
431
497
977
843
900
274
454
609
734
120
543
924
476
666
258
272
406
519
365
379
405
897
358
177
 59
165
322
801
 42
474
634
587
206
842
574
468
800
625
453
162
451
704
567
709
452
831
255
154
776
971
173
652
428
922
689
115
219
 96
329
873
601
594
524
744
215
  0
512
817
149
311
628
864
183
606
361
740
 48
309
529
160
853
426
876
491
254
952
 27
921
851
 88
714
151
 26
230
501
778
940
599
506
872
925
698
 53
185
 68
855
485
298
417
970
110
304
320
275
656
933
862
237
407
140
607
240
 30
629
953
284
688
658
294
763
347
332
 44
289
660
427
 36
916
 62
143
 58
878
199
161
951
990
345
353
482
521
438
934
992
703
760
401
335
755
684
139
387
263
680
465
651
711
369
723
886
442
771
425
187
441
748
 94
560
947
910
827
351
239
981
677
812
494
 17
745
469
440
668
464
534
291
563
487
893
554
929
498
573
211
597
113
912
251
758
522
602
583
402
852
520
484
942
775
816
891
287
 51
 78
495
721
879
890
994
781
549
987
166
847
 24
904
181
687
376
317
774
 87
620
972
504
326
159
546
923
 74
874
732
768
439
588
757
455
500
580
193
 28
131
123
503
616
615
225
323
449
 14
416
313
281
256
457
881
127
535
325
833
 84
632
695
747
523
511
 91
390
539
751
394
124
366
644
280
382
175
128
772
 76
 71
736
370
518
268
117
461
391
270
169
  2
553
578
 41
724
887
930
403
480
598
168
205
 10
259
996
552
346
591
130
997
 22
565
419
231
807
967
963
385
508
137
903
460
731
865
486
384
308
490
627
155
 60
466
693
189
622
201
180
619
413
746
639
669
467
564
908
995
880
 45
885
739
726
803
273
840
257
532
216
828
  4
156
686
741
204
 89
718
243
917
328
635
312
765
544
318
331
203
705
570
749
463
186
190
 92
790
397
489
492
728
643
349
624
278
212
819
707
593
863
527
316
 54
869
434
437
408
785
420
226
559
516
859
433
228
178
676
106
948
100
626
646
125
919
989
805
603
799
  3
789
969
133
623
383
753
116
665
547
556
164
914
700
638
138
344
381
954
949
767
576
 29
671
611
496
153
810
 86
701
798
727
697
915
354
 65
158
641
380
285
436
236
735
 67
264
248
584
 90
146
988
104
293
617
338
822
195
716
531
902
288
673
208
423
848
974
965
319
791
867
938
360
242
282
525
  1
 37
279
  8
  6
479
502
372
630
352
299
770
 97
795
395
984
571
550
119
857
762
815
577
499
357
650
 69
265
618
829
368
415
662
892
340
302
809
 73
107
200
670
235
170
510
883
210
374
 80
191
958
221
373
944
720
310
473
404
743
837
685
675
835
888
 39
301
 95
296
898
147
918
729
478
773
 70
875
975
582
979
870
769
595
314
163
196
939
493
788
645
342
 34
936
786
179
209
640
871
108
797
694
435
562
986
400
633
114
238
957
982
 20
983
371
266
341
450
396
333
613
717
653
836
715
649
896
722
 93
692
507
824
148
730
214
297
249
920
481
 33
572
976
946
913
955
849
756
612
537
960
821
993
262
813
664
458
542
 52
227
779
596
889
 13
841
118
581
823
252
782
102
905
932
253
343
631
292
600
991
610
111
528
866
780
793
 31
941
 11
324
462
277
761
882
868
132
830
182
386
754
950
712
157
699
794
290
777
861
713
359
783
764
364
 12
766
956
192
222
538
122
410
877
533
980
787
636
475
392
446
860
103
811
144
899
336
737
719
 18
447
998
  9
421
 46
 56
232
 49
271
540
267
605
604
961
 85
858
663
725
696
362
 16
733
738
814
337
937
985
 66
679
530
389
218
804
184
579
648
244
445
167
176
330
321
488
806
557
850
220
443
350
541
 72
962
585
555
590
 79
152
315
 47
470
229
367
261
752
135
 38
197
674
393
171
198
742
536
945
207
409
846
246
792
931
422
 50
592
 25
224
526
141
 83
307
101
 77
621
856
928
412
 55
126
233
112
808
657
517
906
926
 15
690
306
109
303
286
702
973
514
964
295
217
750
568
505
647
250
672
844
223
959
708
241
 23
430
418
 63
 61
448
683
260
  5
 64
305
363
269
202
129
432
 32
 57
661
172
424
444
414
907
 43
818
