7616
7896
531
7007
5292
1701
8879
5550
1830
4360
6762
8887
3444
7734
5056
3680
3190
6756
9703
7852
527
4842
394
7465
5094
378
5334
554
69
3628
2166
8817
8456
1749
4269
5336
9612
5394
7849
4712
6656
3551
3727
3414
3160
689
1759
6541
492
652
6858
921
3962
3937
6357
7585
5965
2370
3941
8823
866
844
7507
2876
4332
6285
3620
7018
8923
7119
5925
5707
3896
565
9763
6293
2506
6290
4309
938
5858
2679
9079
9147
2655
3117
8265
501
3574
2593
9620
252
9829
4889
1151
5369
4328
9016
3955
1395
2662
2463
710
3436
9310
7193
9191
6071
1308
3582
3335
8389
7482
7656
9250
928
4937
7965
8430
6965
117
654
9005
7555
977
9390
7024
4539
4382
6322
4900
743
4174
366
507
5795
1296
4577
2789
2928
5636
5658
6936
6542
3234
2203
1356
1210
2476
3043
4220
5307
1000
6965
2188
3208
1594
2453
3795
373
3046
9747
1228
4492
2381
1163
6527
1732
9724
3424
5751
2223
2969
1123
8270
9150
7165
8036
4224
7109
6570
627
6722
9950
5109
2927
1370
475
9742
2559
1712
2771
6806
5587
5965
1185
5667
4632
1596
338
3688
6584
2448
6245
6996
9644
529
6991
862
7069
3630
4330
7998
5934
5184
532
8711
7081
315
4328
9265
8656
328
8959
6260
7818
8434
8856
9274
3638
5856
6055
3667
7201
9009
2658
5878
1055
227
8805
2087
2466
711
4748
1424
89
9556
8046
295
6909
1225
4789
4643
5392
2414
8304
6120
8447
1660
4668
9046
3618
412
2002
3227
1406
9931
3384
6687
7425
1680
6088
9897
4422
6789
7267
5368
4343
6963
7314
9365
6487
6175
3119
4396
4031
7093
4390
3863
1340
9293
6522
5228
2839
2797
9326
3147
7572
1437
5723
6650
1323
2324
1638
286
7741
4628
331
6198
7485
3376
5887
6123
3106
1406
385
9231
7059
895
5308
7788
6056
2120
9005
5761
1863
1157
2190
3611
9396
3763
778
4452
1881
8184
3359
8499
6658
4402
5890
3958
9960
5155
1914
3073
8858
1370
6773
185
3704
3489
5113
4421
9260
5616
2937
5885
3709
6816
7633
2036
1460
5129
8294
8132
6813
8354
6022
5918
9532
6054
1145
3697
7251
1352
4949
2595
5617
5516
7777
229
795
9863
8208
6768
9367
5135
707
4608
6058
3435
1830
6128
6228
9055
3152
8951
9705
6637
4270
3517
9100
4050
2866
952
7728
186
1502
7570
7555
2897
437
4563
1933
9030
5195
1148
6901
8213
9237
2913
9618
2131
1860
2124
9586
910
2956
767
7588
4421
2952
7727
917
189
7064
6123
9289
4275
8970
2351
647
215
7928
1280
6615
9828
1456
7967
4541
4744
9053
218
17
2527
9100
5673
4157
8292
7751
4876
2962
9421
8620
8569
8023
8655
8242
8874
4263
8332
1142
5518
9275
6852
5854
9600
9748
4180
894
3789
5970
8758
1366
9036
2382
9206
9639
4246
3120
2077
5339
9441
3207
5343
6489
6064
270
72
8716
6177
948
8554
1595
8297
2246
8179
7527
1207
7776
2614
3447
822
6705
6155
3392
930
8560
99
5265
8297
2581
6206
7337
6047
3310
9494
1653
81
766
7949
5463
6118
3521
3650
9327
9097
8444
9416
2807
5614
2871
1744
7474
5601
6542
3889
5896
5833
7294
1778
5445
1638
9576
4449
5406
1287
4827
6432
4140
224
2869
4525
4466
1069
327
5392
6978
1241
7957
7708
5110
6489
7763
9488
4224
8058
1218
8043
8224
1110
3500
3157
2763
7099
2545
1332
6778
7970
6395
3414
4253
4841
6777
9203
6789
2823
8709
5356
9009
9212
1907
8664
5642
533
6081
4108
8220
2005
2661
7409
3183
5195
6577
5329
7666
9084
4225
5053
8908
9135
6328
7526
1643
4358
2227
3262
8910
5359
3140
1132
1493
5315
6457
9042
6917
7463
6113
9439
3298
2439
7363
9913
9247
7753
3993
3291
6942
6054
6034
5707
3404
115
3172
1465
9894
5751
8747
1976
7224
1571
4240
854
3346
4438
1940
6867
9454
8297
1285
1532
7348
9941
3831
6817
9010
2292
2806
9000
1263
8976
6506
6948
1340
4340
8426
5633
3510
2041
4550
8636
4631
1647
8715
601
1845
2143
1025
5721
6911
5935
5395
2552
6718
2777
6009
7694
254
524
1736
2282
7962
6098
5279
4893
9928
4918
1072
1461
2300
1910
9778
3564
9772
7879
4795
3437
2601
8890
4285
8817
4431
7015
6486
1638
5523
7739
7146
8101
5625
2872
2978
9279
618
8116
1483
9001
4249
6216
1844
1632
8845
2182
566
7766
6831
8979
2621
3499
844
7733
9758
3016
7652
9892
1847
458
1088
3428
5667
3292
9104
2889
5883
1702
5318
2070
5636
7298
519
7169
9116
3811
6260
3439
4932
4118
1464
8860
2671
9648
5800
8275
1210
5656
8943
2645
7411
4545
9690
550
9255
6116
2611
8355
5700
7665
4468
8934
3326
606
5246
6861
2212
3832
7142
7915
1193
9248
8951
6332
3351
850
8432
8788
758
9353
9826
6538
9819
2066
6815
4045
5763
6625
3942
989
8581
1486
2690
9672
8685
9792
3081
5464
4782
7913
433
5914
9177
4850
2679
6497
5491
5478
5824
5792
4295
4999
3810
385
9683
6240
2630
1783
5891
4254
1812
9780
8525
59
4159
9590
5270
4092
3903
9648
1237
1737
304
9130
9474
8545
9796
3126
9613
4501
2330
4893
1735
515
7771
4074
9992
9252
37
7711
4542
3434
9077
8769
3807
6206
7271
8205
652
6774
4520
9290
9697
7983
9483
4584
885
4128
7284
9248
2164
5106
9918
429
4402
2637
9338
4195
874
88
2336
763
7215
9175
9643
8205
1469
9130
266
5429
2681
790
4561
1379
3179
3637
7535
4476
3762
1377
348
2611
188
5697
7603
9515
8091
5753
2222
2462
1691
7683
9749
188
7743
8483
3591
5810
7124
2810
8098
3068
4422
3289
5332
9635
2201
3532
3954
2931
4086
5929
8759
7289
5172
6162
3861
9334
3845
2245
5067
545
3403
8267
3637
1516
1460
4495
7434
7684
2317
9019
3678
