4716
9649
9135
7815
3013
2152
9274
3871
3015
5957
2641
2203
6737
9461
1231
2414
2403
2481
1162
5297
1561
3960
6642
1595
 757
7691
2664
2878
4704
2499
9542
4269
 147
9350
2120
8249
3072
6375
2289
2597
1389
3857
4494
5945
2258
8051
6549
1422
 621
5940
4588
6773
9742
5591
6253
1198
2030
3993
 759
3035
2011
6775
1822
1633
3524
8747
9602
 140
 443
8890
2275
9115
1847
6563
5379
9478
2143
1973
2229
5917
8476
8610
 907
9215
6306
 367
7618
5029
7257
3736
9520
2013
8784
 975
3832
5928
1538
5742
2146
4428
6550
1799
1828
7370
6813
5078
7665
5391
8394
1718
5607
3683
5606
4658
 911
7106
2051
7702
8820
4410
9075
6535
5150
2807
3917
8498
8151
8714
8084
9351
2279
  11
4457
1981
7887
7438
8746
4889
1767
1064
4531
2482
4533
6324
3069
 203
3863
4872
6132
2573
2127
6203
7147
6437
1220
1963
9066
9935
6754
7723
4873
2360
1579
9870
8984
 665
2890
6379
6202
7684
2418
5527
9671
2654
3436
4213
5351
1609
2492
8403
8783
7314
5776
  37
8604
5202
7415
 696
6075
1173
7503
 360
4624
4478
3248
1122
3812
3323
2101
5720
3397
  18
6180
6291
9663
6495
2016
3760
1006
4526
6021
 771
2366
4607
2637
6007
3058
1154
3033
1950
2015
9237
3852
9224
2768
8860
3576
5069
3615
6670
8273
3126
5947
5422
4662
8945
7686
2058
7685
6381
4190
3597
3649
 105
 870
4912
4342
7638
6236
 526
 429
8707
7463
9144
2059
8587
1605
4448
9899
8506
5666
3571
7976
2472
4901
4695
1151
3681
4565
8001
8465
4524
4118
2989
9816
4221
 672
4308
1311
4946
9592
8528
8400
2639
 559
4484
4468
9754
4115
5455
6156
1380
7842
1816
2495
7534
 129
2643
2288
3212
1168
 130
3350
1738
5322
7109
2112
8270
7947
3266
9817
3142
4765
 846
8977
9315
4435
7073
2786
3889
4848
5355
6643
1302
9780
2400
5318
5288
1590
3481
2924
5711
3456
7470
5412
3369
4824
 281
1614
9338
4521
8711
3702
4411
7625
7121
1992
 433
8229
6814
1527
6489
6148
4341
6167
7595
3038
6195
5847
3613
3677
2841
9664
8009
 225
3698
5161
2580
8519
5388
2906
4476
8414
6750
3855
5285
4234
8849
3682
2247
4569
3706
6977
8841
7594
6610
9420
1744
5619
6099
4195
1225
8656
 792
7308
6630
7953
7583
 306
6265
4773
4033
6246
8956
6693
5109
1712
3404
9803
5137
8695
7127
 999
4829
2949
9626
1401
7330
3259
5517
1626
4477
4881
1395
2549
5093
6995
3730
7242
2958
6054
1209
1088
7309
3317
6568
3569
4086
7725
 872
8162
6845
9087
1176
5257
4603
 738
9661
5019
1672
5653
3607
1853
4334
3329
3564
6058
3788
2928
4374
2801
7529
9603
1260
9105
8652
5796
9072
3834
2327
7655
8173
1383
4862
5625
2019
1073
1093
1555
1407
9048
3630
7726
8534
 754
8021
6317
2034
4164
2445
8997
1648
4452
7110
4798
5214
3985
9880
  61
 838
2779
8840
7936
5475
3824
1210
3976
3308
2083
4578
4383
2719
 797
4239
2378
1972
1352
6534
4353
2579
8615
 781
3472
8889
3903
5701
5731
8788
3565
9259
2474
4120
2311
7637
 254
4345
6811
1838
4434
3971
2076
4083
2701
9202
2948
4035
 570
9752
2368
2396
2624
4617
6112
7910
3224
3371
9491
3769
3347
8480
6802
4376
1772
5609
6346
3986
6368
7603
5574
4066
4290
7839
8007
7944
6366
2384
4074
3533
9962
9099
4743
9229
2282
2394
3780
8672
3383
6950
5643
6179
5254
8446
  42
8793
5576
1348
3064
3502
8202
7222
5236
4530
7258
 909
9085
5747
8449
8112
2500
3740
3980
5595
5754
4598
5568
 467
2872
8258
4880
 528
1804
1278
5492
3669
9479
6294
6196
2508
2681
2430
8033
4258
3950
7263
 414
6929
2628
8087
6677
8164
2582
 577
9882
1223
3545
3519
6714
3265
9193
8317
3587
2103
4512
1344
7411
3939
3725
8199
5673
4063
3705
6801
7134
1393
1269
1372
3556
2632
8097
7840
5138
1855
8833
4840
1444
5850
1819
2392
  36
2966
1809
1294
 600
1733
2757
2219
7567
2193
5558
 934
2545
1513
7743
7538
 928
7148
2085
1475
7683
3462
3138
6092
2328
7261
  79
7169
1711
 780
4346
8774
5722
1106
5272
9305
4723
 375
5444
 644
4236
8659
2945
9334
9381
6350
 673
7133
 653
8456
3454
7551
8625
9356
 764
 769
7301
9427
7248
8646
 914
2594
8739
2174
 956
6583
7566
1100
5141
3200
9872
 529
5844
9876
7494
6837
8103
7071
6920
3774
2454
5790
7046
4204
4673
9805
6653
6564
6354
6216
7678
9819
4498
1085
7589
 303
2264
5448
5528
6687
3742
  48
5218
8255
3327
8949
4475
9409
5908
6981
4263
9400
 712
3851
2864
9405
 803
5031
8003
7558
7357
4149
5188
1961
9984
8411
7997
 354
6967
 539
5055
5809
5923
9245
5542
9788
8640
6140
1787
6292
9695
9630
5689
5372
8274
7476
7017
7704
1493
4821
3815
3816
7116
2039
  46
5017
6450
4350
6383
 694
7772
2020
6194
 648
1988
 878
7023
6364
  47
7245
2047
4991
1045
7546
 181
 199
9291
 566
7163
3487
8758
5985
2665
2364
1184
7425
 618
9186
4276
6721
 904
7569
3289
8167
 478
 697
4661
 362
5561
6047
7732
8149
 436
5951
2834
3735
 675
5053
5668
1117
4191
4828
3480
8647
4722
8893
3594
5050
2812
3650
6582
9411
2181
5913
7490
9853
9600
7690
9127
5873
 503
4775
6952
3891
 642
 976
3392
9209
7232
6263
8431
4197
6521
1891
7821
8089
9755
 156
9170
9659
1815
6264
5250
 167
 216
4309
3096
1747
 809
9397
2037
7728
1149
7935
9841
3844
4355
1554
9655
3954
7305
7712
7544
9157
5025
 981
7272
9750
4440
5976
3759
7721
4365
1548
9860
5036
9009
8427
 204
 135
2969
2564
9565
4067
 827
3714
2777
3206
 583
3336
9379
6483
8163
6347
5299
5506
2510
1452
7942
1010
8882
9673
5287
1944
5910
8500
7027
 774
7456
9684
1157
5265
  62
6045
8104
6081
3486
3002
6840
  63
3154
9201
4237
6927
9131
5181
8326
3906
1413
6176
5769
2358
2543
8296
7907
1002
8579
9848
4135
3054
2674
8960
6780
2601
9254
8631
 655
2324
9359
3318
8622
7706
7641
3791
2274
1525
3337
9130
4322
7977
3469
6351
9036
9279
6042
4684
6444
2883
2175
3082
5593
4225
1854
4866
 546
7790
9391
7645
1599
 458
5818
  28
7171
7190
2182
4753
9811
1001
9270
6672
5634
7914
2509
6906
9627
4700
2133
9439
4431
3750
2602
3910
3596
3062
 619
8240
6477
3146
4076
4860
2818
1876
2790
5377
9879
8932
3219
5002
 165
1460
5293
5977
5124
4181
5064
5810
1254
 681
3370
1120
1423
 543
4462
 101
9177
8140
 943
5328
6482
5213
6959
2119
2675
7481
4390
9958
1670
6388
1993
5740
3225
 340
6255
5159
8924
1096
2479
7621
7555
7668
4631
1462
4812
1708
7570
7358
6673
4123
3581
4656
1343
2684
3978
1552
3798
6638
1671
4497
4514
7869
1297
8509
 592
6510
7813
 731
8872
 587
4127
6821
1485
3137
1694
2113
9054
 293
4245
9158
3145
2860
 236
9413
4594
6270
5146
3340
 416
 251
1783
9769
3130
6552
5710
6841
9455
7088
9533
2847
9407
 270
5744
6240
8687
4113
3865
6696
3733
4671
5518
8967
1041
7400
2741
7586
6304
8514
4724
 777
3974
3409
2468
9071
4333
 256
5655
3577
1082
3552
4517
9730
2611
9280
7180
8581
1835
 565
5290
4830
8352
4445
8159
2762
6015
8471
1721
3943
7850
7676
5540
9710
6105
4948
6208
3213
7105
4593
3479
5686
3773
1991
3723
2638
9543
4126
4282
6452
4040
4022
9698
 522
6068
4643
6258
6928
6892
8753
2501
5301
3204
4132
6396
 260
6943
4106
4375
8269
9814
9183
5669
5610
3264
1163
 427
4253
7615
 510
1562
8472
2689
6862
6921
9296
2557
5204
8228
6078
8583
4384
9732
4857
5366
6800
 729
1119
8447
6314
4995
6861
6414
8245
8218
4206
3174
1543
3373
4124
7399
9002
2843
4103
6024
2209
3860
1567
6629
6005
1581
8065
2659
8701
8745
1916
7342
1365
8830
2494
3048
2895
3667
 921
4010
 831
1216
4254
2150
2970
9053
6978
6101
3660
 614
1585
6138
3136
5479
1489
1261
2336
 748
3777
5133
7775
7084
7663
 487
1376
9985
7520
1727
6238
6730
3196
8518
1564
4382
1743
 277
 515
8121
9483
5699
4050
5499
9343
8542
7003
9537
8154
6244
 432
5316
6718
4967
5772
1763
8801
6527
1390
1600
6093
8892
4795
8038
7379
5774
3895
2354
7799
1748
5424
 880
6624
4289
3050
7800
4381
5523
2901
8867
5823
8318
6566
7710
2345
8621
3496
2535
2349
7408
5220
3007
1241
4299
8666
1249
9207
6144
1283
4087
8358
9473
3808
7522
3396
7918
5572
5462
8675
5375
3027
8608
9200
 377
7670
1032
6833
2721
6965
6508
8589
4800
9180
6752
3926
6369
9676
5383
9064
6770
6227
 634
  98
5632
3361
 984
3955
9509
9625
6384
3718
 350
3952
 215
9081
4349
4231
2428
 747
6849
9147
8231
3447
8183
9108
4393
7826
2220
8678
9561
9796
5226
1958
6363
1368
1796
7117
4732
9893
5520
3372
8545
2880
9103
8156
8645
9768
4855
6805
2518
7334
3239
8686
8464
5458
4279
3307
6911
4167
1682
5599
2484
1313
3523
4419
8234
4244
8004
6083
3410
2932
9489
7688
3947
9606
9960
8877
5437
8133
8690
4669
3025
3382
4302
4243
 264
9576
5548
5281
2695
3195
7788
4567
2571
 717
 620
5600
6408
5494
 449
7250
7011
1335
5834
 235
1340
5519
8767
1753
 740
9979
7307
9208
8605
7513
7251
 703
1544
7449
4321
3924
4158
3277
1268
6076
4955
8168
5637
2910
 584
7447
9227
6742
1877
5187
3252
9340
5047
6201
4577
4176
1484
7844
5515
2003
8203
3158
6697
8547
3302
 874
7591
7472
3202
8321
4518
8508
4129
5427
4996
7557
8771
1215
1806
 978
4212
5268
7104
4357
5684
 531
 897
5512
3701
 255
5541
5861
1060
2244
9709
3280
8681
 683
3542
8174
3166
7905
3057
9451
8145
3426
7898
8395
8210
4883
7033
5864
7834
 962
6295
4138
8594
7393
5884
2367
2512
3492
7598
7237
 426
1291
3646
9003
7395
2429
2471
2268
1886
5869
8755
6041
6678
8713
5485
5075
9477
 481
7453
5781
  59
8779
8914
3408
9826
5034
5929
3859
2137
7338
9230
2953
4851
9751
2353
5387
6596
7649
8533
5667
9191
1998
5243
7366
2351
9753
7227
8466
6988
1433
3343
2617
5085
5659
2322
9236
8894
8486
9820
6832
3459
8491
9956
 250
7689
6237
9605
1793
7597
 549
 230
2682
4799
2335
2333
4891
6377
5384
1121
9953
1451
2162
 590
3540
4622
  39
2432
5178
1134
6469
5705
5004
2031
2749
2092
4055
1240
7034
7635
5820
 735
 737
2110
1148
2313
7026
1214
2337
9395
2021
9251
9840
4563
4273
 410
8477
1953
7145
8450
8895
2709
4238
5504
1235
8607
8809
9911
6012
7882
4064
7864
2871
5811
4929
6713
 186
4091
5466
4360
1774
9028
6250
8875
7938
8005
4668
 398
 939
2811
5631
1490
3199
 947
5144
 841
2087
8042
 463
 242
9446
6577
5231
9289
1913
7345
4261
2121
 756
7774
5878
3445
9596
8796
8232
 238
6095
7228
1271
6262
6663
5292
8495
7959
7405
9650
6107
6951
6859
2800
7671
4004
4222
4082
7418
7873
7771
5535
8195
9855
3796
4852
5477
8876
4084
8684
9510
6174
6613
2619
9415
5867
3263
9401
3785
6213
 320
6665
8726
5480
6876
7654
4312
8030
8236
4144
3036
1327
9233
 938
2956
9089
6792
1125
1575
8554
2310
3181
4280
2992
8537
8045
 158
9696
3271
9934
1301
5335
5409
2538
1386
8459
7177
2270
3451
5435
1174
7302
2642
4606
1757
 363
4331
8724
 839
3532
2259
3346
3452
6229
 376
2990
3403
5566
4422
5438
8575
2635
5177
5240
8242
3471
7064
8901
9641
6874
3995
3557
7168
8657
2772
9386
3094
 428
8457
5640
8921
6233
4501
6478
9339
9648
4491
7700
9467
6592
 368
2461
1884
 390
5045
1135
5612
1013
4770
 708
5816
7436
4759
  92
7784
9306
5256
6917
9843
7343
5845
2444
7902
4702
2411
2712
4438
3205
7757
8278
4029
5702
 509
 468
8871
4520
6466
2713
 993
1015
2876
2828
6558
 871
7694
 386
8838
5795
8078
4874
8256
   8
3100
5130
1526
1512
9861
1957
8586
 776
2469
1128
  69
3627
8056
7009
6352
1974
4358
7696
9677
9248
8099
8413
3244
 724
1954
9912
4972
1820
1659
9198
1274
6128
 632
1931
9586
 482
9100
8790
4750
7076
8538
3216
2827
5564
7280
3008
4703
8169
7316
2332
2923
2239
2892
3367
2253
4006
1159
8402
3449
9496
7708
6865
 327
4251
4042
7573
7992
 783
2589
5805
7853
1247
 704
2930
7181
2612
6178
3102
9502
7031
3511
5320
2844
9078
1356
2845
  83
2320
6986
2870
2766
 624
4343
9651
6267
5147
6181
 591
2670
 666
5291
3189
5441
2933
4362
1817
3235
4100
4730
3177
4958
4528
3530
9891
3753
6633
4073
8592
4564
9644
7195
1310
5992
1949
   7
1244
5168
1920
2527
7923
9741
4062
2344
6740
5762
8639
6522
8693
 447
3081
7533
1688
5282
9965
9022
1919
9503
6974
5164
 670
 815
5853
8994
3455
7909
6915
3853
1615
8221
2447
4366
 508
4545
2408
5006
8859
6162
9760
6091
2485
8653
1208
5875
2752
8488
2277
5125
8487
1287
5277
7737
4014
6415
9261
 159
6975
 707
2730
 127
6688
9220
7550
8405
4984
4430
9643
9437
2542
3024
8037
2357
2449
7238
1509
 627
6296
1932
6074
6164
2770
 805
9038
8016
4519
3107
9669
 222
3379
5459
9531
8873
2079
4542
9235
3474
5400
1432
1094
7243
8178
7478
9810
2972
6763
8153
7455
2134
8213
8000
6639
4154
8571
3490
9967
6640
5127
 289
1245
7042
9129
1145
4789
7231
2267
7420
1977
3420
9797
5526
3288
3303
3572
8689
3671
 646
4198
4429
4803
2710
8556
5751
6283
8773
8064
9348
3073
8754
8919
5743
8600
2765
9689
3602
2276
9857
 749
8250
2944
9076
6488
4458
9505
8588
1425
1553
8982
7038
7521
8996
7440
7268
5090
2331
 383
5367
7078
6108
7187
2001
1664
7845
5924
5417
1959
6646
 395
7608
7112
1662
 626
5858
1758
9999
7364
7642
3521
4764
3756
7919
1549
9501
 466
8885
8580
 451
2520
7856
3635
3417
3389
5943
 310
8856
1785
2696
7029
4992
3293
5216
9164
7559
1091
8911
2014
5665
1539
1017
6435
2891
3968
6912
1860
6298
5305
2805
4823
 348
9582
9117
1836
4654
5760
6722
6850
2595
7362
8986
1917
1679
7192
6391
8865
7596
6433
8555
6937
 218
5830
2707
1911
1821
5522
2363
8423
7170
 381
 316
6440
6897
7502
3305
7827
8812
7410
8664
6454
2983
5028
2608
3944
 941
3881
6259
1182
9675
2397
8160
2356
3573
4223
3333
3655
2526
7303
9069
3363
7381
6816
6094
1706
 311
 121
3413
8627
5621
7885
9939
4738
5227
8090
9195
4246
6658
7750
4825
7174
9060
8365
2552
6530
5224
9077
7501
6539
 684
9166
3580
8719
2687
7159
3103
1147
1677
7333
8161
7136
 379
6355
8765
5245
9779
9143
2063
9670
1960
6964
3274
3877
4890
1769
6000
8699
5286
8803
6228
8113
7286
3260
9738
3929
 798
4573
9837
3272
1338
2185
 913
3914
1306
1639
2183
1124
2662
6119
5503
5930
4746
4270
9694
 721
8279
5166
6097
3628
6371
9216
1320
1929
6286
 800
2802
3190
  30
2566
1435
7326
8682
4372
6544
2224
 604
9495
 224
6913
2667
1014
  53
3493
3270
 850
2200
4099
4989
4942
7939
4779
1126
8382
3959
8637
6386
9682
2376
3719
 869
7403
5807
7745
3866
1558
3257
 990
6221
8226
7727
8737
4625
5167
7695
 639
5680
2960
9004
   1
8964
7093
5154
1665
1089
3115
6762
7579
6103
 762
5313
5570
2789
5369
7335
 288
4096
8066
9309
9629
8302
8504
2412
3342
7816
3116
1685
2140
4939
6791
3262
2283
8189
7142
9866
2905
8513
3922
 882
3313
4807
2228
 338
 804
8762
6402
4232
 128
9490
9387
2698
7862
9132
 202
8391
3163
1296
5308
1701
8419
1053
1946
1779
 221
6290
3606
3295
4027
 802
9598
4784
5493
5551
8670
6117
2089
 411
6954
3282
6457
8798
3349
6430
5163
 782
1273
5800
8552
3558
4479
3292
3584
1800
9558
3495
2422
9214
4473
2907
7091
4954
5199
8331
4516
3896
2576
2179
9514
2233
2502
1351
4894
2243
9239
8408
7465
9511
4397
7279
4188
9422
5646
1243
3805
2176
2459
4637
5617
5208
5360
6159
8729
9418
 314
2033
9275
2767
3972
8764
1050
5856
9250
 609
5306
6682
6761
4093
4389
3999
 263
7306
6100
4324
6565
7792
7877
 163
4835
2460
6930
9120
8648
  74
8196
6581
5432
5436
7519
2214
4007
5792
2541
7164
1714
9293
1326
1455
 461
 421
6019
 876
3278
2788
2893
2295
1144
3541
 551
1226
9375
5067
9889
2521
5565
3068
5728
9456
9940
2237
7744
4421
9043
3020
 183
 842
 660
8361
9851
5633
8496
8965
8002
8966
9178
8915
1160
9913
9976
2634
7176
3633
7766
2046
3678
4876
 484
7564
5620
3172
4039
7291
1715
6426
2452
9968
7653
3135
5049
7149
3827
9792
6455
 322
2869
1059
 540
3173
4101
6707
8522
9530
4902
7636
8596
3148
8417
8566
2686
8010
2379
4557
9711
5956
7083
4867
6760
 705
1801
5491
 917
3014
2424
7480
3247
2390
1532
1370
9764
9824
9990
6925
7505
3766
9697
8898
 784
4888
3093
8616
8563
2266
5872
8569
8439
9523
8285
7193
4736
8862
3475
4737
7858
6857
 571
7016
7837
4868
8310
2954
4451
4504
1598
3362
7311
8060
2747
6803
4426
9640
 746
8484
5936
 453
8543
7140
2281
1028
2012
2784
6301
2740
6268
 418
2361
 122
7926
5808
7530
9241
3838
4488
3483
7870
3828
4988
2950
8766
3485
2115
5862
2256
 326
4758
1699
4778
9522
1030
7981
6922
4413
7921
1676
3169
1371
 544
 177
3898
5982
9832
2236
6834
5952
 833
2544
3458
7053
4910
5356
8432
2191
2896
4706
9822
 778
6171
6116
3965
3127
 514
6245
 710
4632
2329
8041
3526
2836
8322
8171
7394
1623
7397
5403
8567
8597
4987
4301
1565
1890
4264
4595
7783
 107
9727
9026
6570
 575
2798
6576
2404
4581
2189
2147
4305
7838
7396
1720
8328
1373
2514
1632
2754
8525
1377
 292
8503
2052
 271
3037
5171
2136
1314
3621
7329
1756
2299
4371
6056
6460
6648
4628
6065
 692
7874
2916
6297
5235
6448
7802
9423
9683
8404
 649
 490
8252
9624
6013
7443
9137
1315
4227
2598
1492
 625
8957
 476
 369
5123
3386
5261
6204
5627
3822
5463
8887
5008
9337
8691
3645
9583
 856
7433
8897
9226
 166
5262
6703
9016
1635
3112
8115
8455
7606
 115
1387
5260
4183
8254
1749
9575
9267
5482
8836
6490
7089
 370
5203
3973
4652
2668
5311
2215
3497
9657
5618
1770
8085
6994
7756
1705
3201
4230
6190
3330
 849
 233
 290
3401
7627
3242
4882
6839
  16
1857
8806
 212
3125
8854
9786
1473
9541
7965
4924
9163
8345
3623
3344
8257
 688
8165
5801
2758
1275
4415
6905
6026
 948
7114
4396
7675
2504
3821
2622
4184
5678
8611
1686
2763
3221
1586
7647
1780
3377
 152
6992
8340
 268
8630
6759
6778
1350
3727
8314
9672
2630
3187
6057
9126
3783
1921
4780
1607
8186
5695
4748
2005
6332
9802
3603
2853
9581
9702
4655
 190
9971
 385
5396
9303
5059
1610
9011
9823
4214
9925
6449
4205
9106
3579
1265
2513
7348
7903
4849
2369
7444
9253
1410
 916
4008
6875
 942
2655
2198
  57
5398
7925
2588
4233
4398
7896
3920
 440
5062
1918
4077
3605
1987
7880
3203
8530
 239
7993
6540
7152
7497
7616
 671
 682
3998
1267
1976
5553
1687
6393
1186
3884
 179
8076
8381
9952
6747
8367
2879
3869
3738
3839
7994
4936
7075
4930
4558
7172
5562
5269
8138
1138
5730
9097
6617
6989
 821
1189
 686
  51
7496
 328
9424
9383
2437
3220
2550
 132
4045
9901
2291
9414
  19
5126
7933
1078
 569
1426
5993
7811
3129
8835
2980
3813
7715
9735
5648
4685
4510
2370
3887
9154
7495
9114
6657
9613
6728
7344
7277
4546
1171
2442
5725
6033
 378
3031
5173
8827
4554
5692
 485
4850
6860
7157
3653
2441
4711
2116
 877
2837
7541
6207
7448
9740
6698
1316
2720
1528
4858
9758
2373
4609
7773
5715
9012
2647
2050
 113
6137
4098
 598
7943
7138
7068
4560
2084
7487
5546
1329
7698
6645
8952
9910
8067
7770
3946
4275
9865
6192
 456
 883
9442
3132
2232
9597
4887
4094
5253
2899
3957
8925
 388
8023
7973
 102
2614
5876
3648
 445
8205
2982
4128
8551
6960
9883
3720
5537
2102
4755
5056
7057
3599
5148
9474
3647
4196
9747
4339
7666
2625
4141
5521
6745
5694
6971
 763
2167
5628
5734
9847
5724
1488
5949
5247
1745
6134
1180
5468
6126
1156
7829
1536
9225
2615
8441
 623
5698
2088
6272
3673
2245
5425
2764
9628
1761
3273
6017
2974
9781
6111
 548
9568
7915
1438
9317
1681
6131
5000
7871
3831
4579
6560
2439
9955
1334
6039
3468
 861
2090
2240
6073
5120
1638
3932
9148
5334
1023
8137
6764
7270
 852
3987
7065
6961
8948
1284
1111
8294
1408
3306
 336
 773
 142
3745
9612
6716
7047
7108
7475
9617
 473
4455
3529
5605
3792
5352
1097
 209
4915
7897
3153
9839
6185
8870
9662
2111
9073
5365
7924
7891
 770
4665
9574
1947
4623
2221
7659
4537
1183
1880
9018
4630
6621
5783
3614
7911
9173
2231
1262
9349
2723
1906
4194
8791
7995
2884
9468
2603
9846
8276
9113
4364
9041
2975
8521
9366
9421
3990
 816
9745
4610
  66
2584
4833
2251
3088
9035
 361
1026
 332
5084
4515
4166
  49
3276
1750
1232
2117
5696
7731
3222
8237
2207
2188
4981
8674
7498
 104
5681
7719
4725
2341
7111
9393
5338
7350
4859
5922
 822
2817
2297
 967
9189
5156
5854
9715
1530
8829
7545
1811
  65
9142
2685
2618
3012
4982
 285
6958
 283
 391
4329
1546
1867
5386
6843
9772
1709
2921
2145
1882
9416
3935
3975
1431
9412
 652
3712
5501
7252
8511
2620
9845
9052
8716
5969
1394
3967
3836
4729
8807
9828
9595
7262
5239
1136
5968
3432
4049
5478
9512
6735
1578
3338
2736
7574
2100
5946
9384
1362
5464
9408
8981
1382
4534
6647
5024
2222
1849
 743
6357
3003
6315
9013
4834
5586
1252
5656
 191
3684
9646
5117
   3
8585
3755
1312
3184
5828
4266
5472
7607
6186
8979
5274
4997
5341
6607
8185
1347
4145
1463
9392
2978
9766
8878
5011
6085
3111
 843
4720
3749
8131
8971
8025
3814
7216
4112
9441
 296
5118
8022
 918
3659
4284
4369
2257
6142
3782
7092
7620
3696
 499
1970
5822
7747
 725
9813
3963
7518
6349
4718
 265
9257
 556
2873
9812
2194
4970
6276
3797
1504
5486
1846
3918
8917
9717
8789
1298
3861
2977
6069
2028
8281
1445
   5
2250
4787
1844
 168
9402
3789
5953
6948
5577
3512
5465
2415
9569
7717
6690
2216
3945
6428
7067
6799
6806
7761
7390
5745
6254
5296
4590
5885
4966
9232
6955
4470
1258
4461
5552
3912
6595
7385
5232
5560
8191
3593
8634
8125
8598
8062
5782
8265
8669
6356
5012
5764
3930
9619
1719
 806
6104
1034
8313
6338
7451
6796
6334
 785
7225
6410
3105
 564
1229
8463
7024
 511
8968
1047
8227
4712
4548
4089
9039
5310
  31
9667
7131
1330
3156
9699
3818
9050
5780
4813
 496
6689
 154
5326
1825
5944
8018
5068
 898
5329
8744
1887
8013
3017
6869
7414
9030
7320
9653
3544
3509
2217
8222
  35
6636
3155
8926
4586
2955
 278
1522
2556
1955
8073
2911
 580
8177
6277
6224
 896
9184
8425
7296
   6
9949
3624
5015
7517
8440
9459
9782
1620
6524
4502
3506
4031
7605
4993
7235
4047
4709
5950
6616
1074
8474
5555
1771
6836
9774
9449
6900
8828
5251
5076
5376
8540
6781
5131
5428
3059
6626
6514
9936
2996
7461
  87
8863
3616
7776
9079
6305
 136
1542
3703
4057
 554
1083
3761
8157
9563
6571
7287
5798
7098
2425
8641
6926
4741
1069
7375
 374
6520
5863
7354
 952
 298
7584
7001
9877
5116
7457
1881
4412
8194
2022
9462
1896
3661
2054
 538
7930
1084
3915
1812
9844
9700
8048
6401
4645
2787
5961
8320
 779
6744
 884
9326
1551
 244
8614
4983
7892
4416
7398
2559
 266
8297
1563
5460
5988
1167
6319
 662
4159
1381
5121
2554
8909
 912
5176
8959
7504
5757
3402
5018
8070
2505
5266
 636
9838
5602
9093
3316
1883
5906
2208
2553
7423
 638
2567
1759
7881
2104
4189
1873
5155
1789
 799
1611
4170
7990
8572
9923
4843
 198
 752
9452
2851
 346
6734
8182
6235
9959
2213
6217
4566
7337
9636
6746
4797
2487
1501
2246
4464
4111
7254
3150
4571
5543
8619
9358
7479
1624
6871
6223
6720
8409
1678
5948
3438
1572
  76
4015
6009
7002
 889
4408
8786
4904
9211
5534
4587
1456
1439
6361
8732
9966
9252
2739
 214
3547
3478
2340
6453
7234
6634
7808
2292
5307
5723
4690
8531
7028
3570
2858
2673
6266
3139
7643
2605
2973
  33
5300
7462
4361
 865
6451
3290
8271
1529
1735
3622
 801
2900
2315
2607
4032
4146
6656
2995
4908
4054
6946
6214
9287
3211
4572
7351
8846
1430
1810
9059
 494
1840
7854
8644
5001
5473
5672
9396
9633
2464
1641
8825
2913
8020
1429
1910
7629
1341
6541
7548
5996
8470
5525
5644
 243
 651
 131
4555
3394
3809
8239
9652
9298
2999
4647
4283
 143
1392
2210
4052
4814
2002
2616
4861
4492
6382
6918
1654
4932
5410
4116
9336
1892
2300
6810
4710
8264
5840
6032
8028
7748
1442
1375
4030
1228
3170
4174
7634
2810
2694
9172
3325
8122
3120
5488
5893
3768
1875
2825
8620
8098
 422
5556
8658
5450
4541
8935
8864
1152
 936
6311
2272
2057
7588
7321
3762
2782
  22
9380
7198
7402
2714
7934
9361
1276
6336
1905
8651
2109
1042
2756
3354
7587
1469
9585
6422
5912
8190
5611
9025
5547
7182
7613
4323
5813
8638
5817
1851
8017
5700
9014
5865
8378
6321
7780
4071
9284
6008
1967
6790
 450
 234
7460
1781
5758
1465
5451
7956
9465
3666
3794
6399
8728
8155
9835
1437
2533
6872
5554
7724
1969
9056
7794
1628
6887
 851
3989
8584
2671
1674
2937
1396
2558
8785
4613
4104
 403
4068
5887
 337
6794
 530
5859
7208
8858
5676
7730
4691
3090
2653
3629
7419
8891
1305
7509
3041
5836
5082
1625
2122
 989
1486
4900
5259
3197
7236
6957
6232
9588
5664
8975
 406
6406
1202
9311
6480
 171
6154
1576
 994
9240
1924
6079
5258
7299
4224
5877
 441
4142
5364
2467
5151
6006
6494
2915
  97
4604
 208
9970
2262
9587
1736
5111
3680
5395
3019
3055
4734
1837
7657
9933
 811
7796
 687
1516
3214
4976
4538
5456
6968
 594
2473
5096
7297
6189
 192
3888
7283
4140
4315
4425
 371
9868
2725
5587
6273
5789
8006
2382
 469
9065
4592
 727
9276
3988
4056
7980
7204
2106
1293
3591
2793
3423
 194
5100
4401
2139
9176
5960
4065
1397
 674
 259
3592
6593
 116
6738
2457
1496
1592
 541
5550
2935
5189
2744
3520
 610
5129
1213
3843
7175
3179
4423
9111
6497
2734
2427
2355
6409
3588
1282
4574
8844
9546
2997
4281
2398
9749
2511
7982
6118
1140
6170
2650
2769
8251
  89
7209
5749
  78
9975
7552
 505
8069
9304
8481
2307
3074
2917
3548
1399
4905
4391
4969
9608
2716
9856
 864
5072
6936
 500
7526
6151
9323
2389
5775
6599
1874
2918
7458
8363
7413
1436
1653
  90
7293
 991
5787
5271
1129
 415
9346
6523
 533
8136
6504
5590
6503
1956
3921
2066
 726
1470
 679
9724
 407
6863
8295
7739
3040
2451
4386
7612
4815
8376
2497
 100
6708
1448
6242
1187
1143
5135
 945
3045
2061
8088
2815
2865
1951
8931
1948
 832
7672
4808
6611
4884
9614
7861
3632
2506
3319
2746
9635
  38
6774
5508
2967
7779
8683
5975
4186
2636
6635
2309
5158
 927
7318
7577
1250
8338
  13
2323
9963
 664
1255
2546
4651
2018
 444
7484
7729
1193
5802
6125
1645
 111
2563
4811
3034
4318
1378
5421
2711
9763
2269
5229
8152
8086
2846
8479
1593
8831
7150
1613
3419
8298
8407
5642
3734
9547
7008
8052
8172
6269
4507
7575
5357
5498
9599
7639
3872
3568
5927
9773
1930
2350
1080
5237
8473
1236
9937
 412
9150
  45
5569
7863
6838
9353
1937
5346
4179
4121
2067
 868
3958
9134
3004
5419
9833
8105
6348
2330
6893
1995
6548
1790
9995
5007
3600
5190
1936
4119
3806
9973
1175
9330
2912
4274
6890
3118
4228
 535
 344
5979
5350
 431
9104
4670
1868
4156
  58
2656
9549
5038
2649
3016
4380
5361
3504
2234
4348
 274
3590
5211
9410
8354
7516
1848
7471
3256
8379
1698
 149
5408
3061
7151
5136
9538
9622
9785
2380
8047
8253
8706
7485
 286
4679
9886
6064
9718
3886
9429
1303
1166
3804
8319
6807
4460
1101
6702
2285
9190
5165
5629
7713
7510
7540
1689
8505
1604
3601
9169
9591
2938
1354
8565
 982
9928
7246
 300
8483
8814
9887
 382
 545
5359
9460
 903
6046
7095
6082
1656
8412
5998
8029
9610
2680
 483
9029
7515
3378
4777
4211
5107
3429
5736
6014
7996
1503
5431
3279
9982
 891
2153
8299
9333
4925
1092
8438
9519
 474
 835
8263
6090
3393
3656
5932
5194
 992
6330
9362
1861
7004
9217
9790
1322
2081
1533
4394
9290
8951
5603
6222
8451
5532
2852
 887
5284
1776
6561
4151
3164
7380
5571
 728
3122
9647
9187
7894
 527
3032
7036
7139
9197
7052
3848
9302
5191
5899
3961
 141
8943
1652
1304
8026
 240
7537
8008
3281
 331
1379
7617
8655
6087
9616
6987
 905
8180
6710
4649
8772
4217
3110
4215
6664
 217
5489
1385
4268
7339
7255
 359
8905
3501
4486
 611
3421
 767
1923
 206
8617
 180
9708
9525
 678
3956
1459
4906
2374
2575
4772
8881
7340
7917
3424
4328
1968
3927
1603
5264
7786
3477
7782
 488
7294
3758
9950
8429
5965
6340
 825
2405
2166
5719
7628
6826
6846
1826
8181
3065
1411
 656
8489
4935
 133
4644
2211
3352
7132
5766
 247
 479
3151
 308
3823
6302
6997
5984
2431
7382
1621
1353
5105
2729
8123
2416
4495
6589
4400
 185
3140
8908
8930
1116
8385
4218
3992
2319
9327
5101
9734
9723
4681
 249
6303
5066
4636
3892
  70
 439
6385
5661
3022
 248
3642
5596
6866
9210
4330
3830
9497
3595
4944
4017
3326
3964
2227
4165
6372
5714
2700
5677
1717
1669
1256
9102
9140
8120
6622
9988
1108
1206
2254
8776
7200
7069
1858
 935
 547
4896
7614
2824
2096
8410
 612
2165
5911
1984
6048
9063
7347
6888
7037
6573
7323
2987
8034
3840
7661
4547
 733
4467
5416
6554
3846
1009
8920
1317
 402
6736
9632
8353
6003
1360
6578
 807
6882
2346
5378
9313
 355
8759
4114
2365
7123
 347
3152
6725
 175
3341
7931
5423
5210
 572
1514
6825
8259
7571
9996
3778
8888
 983
4818
5048
4363
9426
9921
3091
 397
8106
6160
4122
3508
6969
3178
5065
4427
4792
6559
 755
5267
4584
4482
3810
6671
8972
5060
7590
7215
 211
 315
5104
7762
9528
6210
7207
7554
2585
1012
3517
8527
1588
6908
3301
7319
 768
7948
1893
1025
3121
6615
7014
8942
9784
2280
1087
4611
8802
7072
6999
7389
8624
2773
9716
8384
6163
1016
  77
5110
2305
7197
8606
9492
9095
4816
2537
9377
6066
6197
6445
 968
4508
6889
 965
1178
6070
3700
4781
7025
5483
4786
9548
2894
9590
9300
1132
9165
3095
5373
 200
3450
4229
9005
5614
1597
3249
6130
1535
3537
1637
7949
3850
9842
1497
9469
6873
4687
6686
6651
3923
9268
1642
5683
8467
3076
3067
1673
5433
 926
4297
1464
8436
2902
8562
1684
9804
7212
7812
7022
4793
9801
3188
6676
5275
2646
3876
8717
4701
 174
4344
2868
9355
2446
4437
2951
2855
2621
7253
9983
3715
2048
1196
2480
7806
9946
4938
8735
5195
3528
7359
1251
4259
 680
6594
3819
 276
1062
3619
8375
8217
 573
3011
7860
6439
9001
4256
8937
9454
1207
8715
3114
7846
2832
5843
 520
1570
9691
2530
8371
8116
6555
7985
1227
2195
2158
9369
 196
9433
8356
4608
5381
2041
8851
4909
3128
1737
2170
5973
9264
3251
2919
5032
7066
8904
3418
5582
5824
9713
1118
8330
4801
3312
4201
5682
9557
1900
3604
8704
1068
8075
7697
3618
9485
8148
7219
 902
4020
7674
4456
5283
8818
6247
7884
 643
4878
6465
1675
5726
6891
1700
6173
4822
9175
1195
  29
4853
4536
8301
6854
6579
 766
9365
2859
2862
2957
3388
5870
1901
5833
 220
4634
9798
9374
3484
1903
9161
1630
 713
3553
3360
8912
6598
1740
7284
2263
6316
9238
5746
5739
8373
7785
6637
6243
6743
  86
9428
6053
7007
8206
 924
7847
8778
1067
8763
6322
2000
3108
5583
 658
3754
7332
8350
8879
5662
8768
 563
5323
6067
9042
5205
4336
9892
9757
7256
6405
6333
9286
5415
7445
3692
7391
8359
 601
1237
4373
7360
2606
7701
 227
6751
3820
 977
8188
 910
8989
 860
6753
7527
7803
4582
1449
7693
 663
7946
2574
4414
   9
8808
7927
2095
2971
3981
9787
4522
8961
9255
 988
 253
9231
2024
4640
7030
3375
6400
 659
6574
9706
6817
8223
5014
6797
8364
 760
3854
5162
4916
1786
9436
1115
9620
2372
9656
  44
7128
8665
 335
2271
3534
4260
7041
1061
7506
1458
2395
5770
8635
9895
3882
4041
4591
6230
7050
4490
3513
8842
9319
3209
7974
8529
2791
3938
3535
2562
8843
 657
9867
5333
2498
5414
2524
7265
 794
2163
8730
 261
6342
1791
7013
7102
5709
 207
9693
1391
 213
3230
9146
 534
4335
2278
8080
4465
1608
 719
3566
9703
7669
 808
9875
9470
7673
5767
4443
2728
7304
5392
8337
 677
8372
6777
2683
1323
 613
9685
2525
2301
6919
6212
8541
8874
3192
 676
7488
4791
9482
1038
8049
9008
1644
2075
1478
 685
5182
 722
2931
2132
7386
1020
2926
3527
5149
8661
3009
8059
 836
9335
2032
8993
2173
1427
9827
5812
3079
3162
3717
1412
7916
8053
2212
2069
9370
 365
 828
4689
2455
5043
3086
8166
3433
 866
8019
7313
8679
7961
9564
7677
4307
2809
1938
3384
3310
2688
2794
7824
8323
9859
7173
8918
9096
6161
 736
5738
6681
8536
2920
4207
2854
 969
6932
9668
6669
4109
7988
3784
8362
6459
3555
4621
8142
5393
8284
1710
9951
4356
 716
1332
6895
1409
8108
9133
7103
1902
7983
3143
5039
1534
3052
1434
1165
2142
6674
5447
 765
4879
5185
6461
7240
4693
5891
1123
3287
7346
9862
3893
3598
1814
9196
 706
1414
2726
1547
1914
7160
6785
7082
7118
4694
6962
5046
3514
 302
1824
4367
 536
7648
7975
9182
8442
4757
8782
1098
2968
4754
6157
7500
8654
2249
2326
9432
6966
2273
8316
1337
 946
7778
7466
6337
1192
7705
6124
 366
7086
7352
1217
2792
5263
5246
4863
6867
1295
 930
1114
8548
6705
8044
8816
 576
6325
9404
3746
4943
8974
4474
5183
7353
3491
8633
6983
5252
4169
6419
2745
5879
7167
4406
8941
3218
 742
  95
9265
1063
   0
1831
2314
3217
2898
1865
   4
2959
9107
3583
5474
2124
6580
  17
1036
 605
6394
8387
8907
6516
4648
 273
 399
7809
2488
5514
5349
4657
4060
7206
6933
  99
2610
6010
2813
4288
1500
5453
6472
6704
2946
7188
 405
4444
5592
3089
1895
 333
5186
2833
9908
1424
9266
8499
1188
2483
5624
4664
5340
9068
3358
1179
6556
6424
8014
5170
8751
9900
4137
6935
6683
4130
8461
1005
5339
8416
8055
9794
9388
2523
1086
 761
1359
 258
7474
2540
8272
4945
8722
9149
5071
7967
3461
9776
 607
9450
6077
1888
9991
5531
6059
5868
 457
5779
3864
8370
7404
 867
4471
6619
2316
9920
1952
7482
8293
 197
5717
5857
6587
5027
1803
 542
9151
3948
9122
5509
6376
8292
1211
7851
7609
2717
7229
8708
1447
1788
4446
8452
1729
7018
8799
2077
7211
9084
4620
9850
7224
 193
7015
4311
1239
  64
8061
4388
1643
5010
5470
9062
9638
4011
5963
5615
7531
7736
4597
2829
7888
5697
7798
 711
2201
9098
9777
9285
7054
3476
1197
5434
1863
7549
5080
4257
7664
9057
3210
9090
4250
1453
4178
3765
4432
3243
9271
3284
7189
4241
4893
4161
5962
1864
1369
3612
6028
9972
9475
5635
 892
6973
4663
 162
 287
4731
 661
1266
7952
3731
2008
6110
8468
 229
3817
6588
1782
2338
 793
1457
9486
2339
9034
8421
3049
4155
9731
4619
6001
6733
3868
9162
4766
1468
7019
3563
5900
2496
7825
7178
3663
7289
5440
8523
4923
4163
6293
7063
2613
 985
7908
6518
3711
1907
5901
6519
2927
4602
5336
6139
 134
6463
3962
6608
6525
1345
5623
4733
8837
 341
6234
8811
8576
8578
 262
3331
2235
8822
4767
 188
5638
4678
4735
5457
1181
3296
9342
5112
 109
5688
 195
1104
6397
9607
3182
4368
2377
3060
3268
8144
2293
9119
1331
9493
3790
6106
1829
  93
 886
5217
3883
9529
9118
5368
9213
7963
5233
8126
4847
 720
3507
6310
8595
3709
6507
5449
7155
8334
 894
1521
5206
3400
8398
5406
4310
7146
3937
1495
5713
7658
5035
3294
4836
9277
4003
5033
7223
4756
2715
1491
9324
7130
5244
6175
3021
3026
6910
 695
8623
3799
 933
 492
6378
4842
4600
2875
9055
6513
3283
1856
6123
3442
6572
3525
7099
 384
2489
6884
1307
5058
6853
3315
5248
3167
4265
1871
6756
7843
5651
3134
8117
8512
2679
2218
1466
8673
2629
 471
 585
9808
9540
3353
 323
9681
  73
6226
 901
9262
8544
8738
1402
4235
2599
3582
1651
6177
6553
5991
2994
5909
8515
 854
3620
4193
7100
5510
4846
1336
4306
4287
2718
9954
 110
3098
6060
3997
2940
5228
5533
6984
7185
1690
9634
1155
6416
3833
 465
5693
7532
7542
8697
8377
7562
8734
4025
8460
6063
8192
1242
9532
3368
3258
 555
2863
5196
7879
8288
4168
7687
6914
4160
4450
1583
3909
6902
6711
8857
1281
5319
2515
8910
1631
9898
8208
 954
9660
  40
6344
5904
8355
 830
5716
3676
6071
7945
6256
7452
6484
4805
1482
6883
6768
5837
6980
8992
2984
5454
 813
7274
 144
8559
2362
4680
3180
9938
8027
4917
1990
2727
1939
8736
6284
2976
6551
9556
3109
6200
8636
9325
1941
5791
6585
 319
9535
1248
3297
2192
5295
4044
3966
4672
4505
3890
8497
7469
2578
8211
5502
2830
1366
9272
8705
7288
9722
9499
6685
3056
6661
8324
2027
7604
3561
9690
2436
6804
9083
5331
1909
5397
7135
2419
1908
9615
1161
3550
6547
1520
 582
6425
5987
 321
8817
7218
4469
4999
9981
 295
3411
8309
2045
7746
9809
2551
 714
6218
6251
7622
1364
1980
2596
  85
9185
1869
6395
4802
8781
 857
9964
6680
8671
8396
5721
3690
9125
6088
6133
8995
3549
7795
7184
3453
9444
8752
8902
6976
6467
4553
4892
5088
4026
3658
8756
2118
7442
3005
3390
 120
 888
8267
5086
  23
4804
5806
3299
5278
5063
6545
9399
3608
 114
2699
 616
8176
7868
5914
7085
4483
6486
 786
4854
1141
 690
 973
 574
5193
1587
7259
9593
8109
9246
5175
1823
7804
7883
 442
 408
5826
2586
 922
5511
 819
8193
1000
6102
6044
4810
3984
3654
2796
4019
2180
1926
4092
5658
8129
1755
4841
 596
7427
2177
6885
2413
 437
7682
2141
4529
4559
8760
1813
9021
6727
3422
 525
6543
9989
6335
3437
5490
7183
6538
5889
 823
5838
2241
6198
8712
3979
6789
7592
9714
9733
6719
6628
4107
4763
4928
3345
6109
7831
4782
3250
3941
9112
9645
9058
5752
6374
7940
2904
6506
7062
6479
 325
7388
5077
4826
5255
1842
 489
9417
 226
2453
2023
3664
4585
3589
5487
5994
7165
9049
7020
8507
8502
4272
4255
7429
2820
8787
6614
1483
8283
1285
8852
4095
 172
9637
2738
6786
3430
8333
8360
8071
5087
6274
8243
8244
4061
3908
8649
  14
9904
3161
 301
5276
2795
3913
5647
1421
 789
9978
2475
9998
3662
7991
4926
3710
6387
 859
7904
 900
6940
 974
1205
6941
9242
1839
2172
7735
4562
5903
4503
7275
9521
3982
7422
5671
5461
1137
5390
 834
9825
2202
5374
2593
4977
8118
7412
2463
2517
2964
  80
6660
3536
7361
2491
3412
6620
6183
4326
7202
3775
3874
4148
1571
7039
8601
1441
6877
9974
 631
 640
4016
2660
2242
5442
7349
 700
3168
2839
4378
6084
6030
5735
4300
9160
6373
1802
1279
3231
4667
4659
 151
9526
7656
9770
3643
9329
9994
2548
6153
1760
7623
2381
7714
6281
2823
1734
1029
7322
6086
6517
1742
 602
8676
6567
8564
8057
5915
 617
6701
 847
9997
8983
9642
3776
9046
3631
6529
9987
9720
8389
 176
3636
7960
6881
6606
4240
9688
1400
9188
 650
4152
7765
1057
4097
1127
6343
9712
6650
7214
3551
2842
8946
5098
6471
2669
1454
4589
2748
7818
6532
6487
8609
3070
4978
4226
 997
2038
4699
4199
6819
1731
4359
3414
9639
 351
 201
7435
6150
 552
2903
4053
2029
9746
7416
 635
6037
7651
1775
9927
 925
8750
9123
2775
7119
2724
   2
8869
 138
9445
7264
2261
5132
9203
 951
4085
7406
 750
5280
8593
3897
6248
5385
1658
5041
8939
4379
1898
3657
6023
1541
7758
8978
 396
5122
9464
4762
 845
2107
 305
1406
1505
3873
 628
9915
8582
9500
 848
8390
7426
8810
2417
2528
1834
3697
4172
1994
3106
6715
5298
 480
9729
2306
7962
6706
4749
5157
9394
2287
2536
 964
5524
6512
8535
1222
2168
2661
2298
7524
6219
2914
3586
  34
3841
8150
 987
4790
2448
7969
6985
3916
4968
4162
7797
1777
5630
 855
6798
3113
6417
3339
7972
1508
7568
6575
1367
5763
2312
2816
5690
8934
8092
8628
6380
4629
7929
1199
3752
3835
4642
9020
8933
8868
3006
9435
6114
3428
7059
6018
9621
2160
4449
  41
6709
5348
7126
5343
6591
7081
5325
  52
 560
6903
7998
8130
1897
9192
9297
3238
8988
8815
7734
5918
7459
4303
1102
7525
7650
4919
6166
1692
4922
5964
7113
1660
7094
1095
6659
7239
2093
1471
6492
5892
5209
8970
6851
3575
9980
7249
 146
2387
6655
5219
5005
 404
9515
8944
9294
 280
1726
3770
3357
5935
3807
1808
8660
9948
2094
8561
9281
8929
4210
7886
9088
4433
5413
6586
3503
9440
6038
2138
 986
4740
7290
3191
1212
 788
5106
1333
9896
9480
3641
7267
6784
7646
2290
5091
4018
4957
8107
5446
3675
2371
8558
5832
5933
6404
2534
3149
4599
9789
5594
5598
1878
2204
5108
6421
4869
5650
6546
6423
6848
7154
4877
8903
8866
1797
 472
9783
3321
9344
9345
8928
9153
3994
6766
 435
3063
1324
2128
6279
3708
6089
4839
2151
9139
9067
5660
3637
7468
8677
9508
7315
3364
7576
1589
3245
9385
9360
5652
5184
  72
7074
3694
2017
1866
6723
4990
6949
2676
6473
8266
9705
1065
4088
5573
7141
9594
1200
7010
 237
8667
9458
2691
8132
4745
1403
4340
 393
 357
7890
5999
7045
3332
8626
6275
3670
6096
1523
6429
1667
6145
8147
7035
4705
1299
8415
3875
 267
1105
 629
3324
6476
3439
3328
1318
2126
7417
7709
7679
4568
9419
2393
9390
6990
8179
5663
6282
5890
9570
3123
7593
1051
1696
 380
5044
6712
7201
3786
3186
9314
5920
2149
5886
 425
8663
3685
1039
1746
8991
9739
7230
9278
6231
5626
9552
1264
1109
9352
4986
3644
4605
6172
7368
4960
5972
5273
2171
  32
1046
2985
5995
9611
7619
6434
7271
4108
1308
7424
7493
3304
5567
8526
8550
3381
5814
5198
 400
6815
5585
6468
4539
3374
4638
 820
2065
8492
1185
4271
4327
6899
2806
1321
7285
3359
  15
4046
7913
8054
5089
6318
7125
 184
9476
5529
7377
7955
7129
3931
3900
5765
4012
 294
1506
8374
1040
5402
  54
4136
 557
1986
4761
3286
8680
5674
5327
3237
9869
2531
9986
 517
5771
1499
8290
 329
7662
2159
1580
9322
7378
2260
1850
6847
9778
4845
5169
7392
7044
6308
1404
3446
8794
4666
1052
 155
7005
6389
2555
2004
 537
2443
2055
8291
8797
2438
9152
5581
7937
2577
2304
8335
2704
6165
7602
4717
6493
4633
7512
1596
9363
 955
2867
1728
1784
 959
7467
7441
3879
6787
5855
4963
2155
8024
8308
3751
 971
6474
3355
2435
5821
7043
2993
6191
7210
1253
7295
3464
5223
9623
4527
4921
 709
8448
6505
5073
4352
6339
3443
5013
 586
9155
9457
9907
 957
9128
2640
1795
3416
8516
8723
9218
1480
2516
5737
7741
5756
4147
2731
4713
7878
3193
5967
8036
4150
6982
2318
8420
3039
9852
3457
5242
 257
5990
8950
9258
9571
1346
 826
9707
9686
5215
6858
2421
3077
6443
3686
9559
5753
 299
9121
 434
3023
1646
7144
6188
6239
8824
1355
1107
4024
6392
2961
6034
5691
6300
9578
6864
8300
8839
3285
5748
3232
 578
4980
1971
8642
3639
4714
9601
7801
1146
2144
6320
9372
1683
4961
8613
5315
2148
6312
9288
2302
 521
7901
4864
5866
8493
1657
7984
2877
7599
6313
9580
8927
7158
9364
7814
3223
8916
2760
 689
 532
5794
2465
6499
4523
 669
2697
4639
5768
5954
8238
1286
5443
5819
7473
6812
 814
6835
5773
7660
3398
4143
9206
7899
4005
5536
4551
9902
6358
5003
5588
9332
8032
6257
1966
2889
 349
9539
7203
2391
 622
6996
6362
 318
3781
2587
 356
3651
4347
2184
4774
4387
6612
4561
1540
5139
 732
 553
5201
3092
5330
1832
9849
4439
4715
9487
7875
3744
1647
4292
9562
 430
1899
7486
6436
5221
7434
6623
1079
2539
3704
1975
7610
3894
 164
9228
2857
9654
1011
7789
5966
 291
8599
8485
3842
4209
5545
6898
5439
1739
4001
 495
6501
9263
4295
7310
8220
8848
9793
6485
 118
7244
2692
1420
1724
 117
3518
6956
 394
5986
7767
 858
6288
5371
7632
3488
3261
7900
3229
8501
8261
5401
2761
 106
7260
4354
6649
4742
8435
9221
4535
1037
 730
5741
2178
 516
4675
4838
7624
3793
4248
7703
8685
5888
 462
1049
6011
7754
2503
1246
5481
1419
 562
8813
3391
8720
6220
6252
2690
  60
1754
1443
 588
3460
2568
5941
4072
5430
7040
  26
9061
6820
7153
5095
2814
4951
9516
 223
3904
 309
3880
1388
8422
9884
9472
 373
 940
4459
8241
9903
2561
7407
 272
4277
3829
1511
 837
4370
9560
6938
5641
3001
8938
4513
9101
4615
6654
9179
1230
9918
6168
1024
6771
 452
8963
2225
4744
7336
5852
7324
4959
1640
9743
7021
2401
9301
4525
9767
1723
4173
7895
1922
8135
7852
8454
3531
6491
5370
7832
8590
3928
3991
6879
6135
3849
3679
 944
4377
3609
8709
3505
4496
3053
8342
9406
8985
2255
9518
5871
1259
2114
8574
1668
5675
 972
8215
7194
3919
5302
3227
8800
5399
6413
2099
3365
8158
 455
8246
9116
5303
5099
9453
1280
7769
6842
1130
1627
4220
4013
6757
7492
8347
4417
3934
9992
2462
2334
6652
4175
4511
1925
5238
6187
2908
2703
4903
6155
7986
9032
6772
4920
8039
7221
7819
1099
6852
7580
3688
9932
6684
5445
6359
 477
9906
8207
8392
4133
1018
2190
4953
8539
1022
  56
3837
6418
2708
5727
4760
8557
5981
5114
6061
8209
3787
1841
2423
8336
1257
9878
2433
1221
 205
2887
 960
3554
6022
4080
4296
1204
 454
2317
2529
8311
3617
6699
4543
6601
9744
 126
8603
5042
7464
 232
1999
7611
2581
7561
4612
6675
6199
8204
 593
 307
2780
1031
7179
6289
9040
6365
5407
2026
1894
 304
3099
2882
5497
3878
1537
1219
4463
8618
8306
8478
8303
 153
5755
5883
1477
 507
8119
 241
8399
8906
3160
3078
3300
9873
2040
8434
8428
3494
2633
3275
5842
7585
5704
8315
2187
2962
7483
1616
5703
5092
5471
8074
6184
4314
4683
6823
 446
 715
9728
2644
6818
 829
2886
3940
2325
6666
7631
 751
9347
2490
4404
 723
1927
4931
3080
4975
8998
9373
6458
9484
1594
3724
4769
8083
7867
1169
5241
9897
7876
2547
 637
6618
3207
1943
8329
8134
5317
5026
1979
 998
2658
3075
7097
5827
2648
3640
5234
1935
3380
9579
4708
7830
3936
7079
1582
2410
7740
5557
4385
1033
9481
8287
3977
 702
 561
5097
4832
5732
3779
9854
6326
1964
1277
1112
4493
8880
7199
4131
1479
8731
9047
9919
2771
1170
8602
8077
1870
6783
1201
3395
5997
6420
9171
3905
7327
8214
2776
  71
5079
8011
9947
7872
2885
7692
5687
 334
3029
1502
9631
5516
3407
1574
 949
8577
7124
6225
5426
7600
9094
5793
7006
3298
1577
2265
3500
 123
1224
6500
3427
6331
6152
9771
3625
9318
  88
4051
6632
6370
 739
7857
9864
6609
1153
 775
5321
4940
4697
1666
7051
1732
8102
 228
4552
5786
5939
4043
3847
3334
6398
4596
2600
 953
 389
5937
 920
  24
4532
2434
2486
1904
7841
 931
3845
5134
1707
2308
5797
1912
6390
6641
7122
8883
5153
5841
7096
4831
7680
2942
8445
4614
4313
8570
8980
7080
5143
7528
4338
7437
  68
2623
1133
 470
3018
7820
8079
4747
9199
2409
5142
 966
1862
1309
2385
 932
9929
8280
4575
2073
9922
7817
2223
1374
7430
7560
6824
6765
2572
5500
7805
2941
2035
2154
8175
5249
6496
 699
4489
8094
3748
1885
5851
2402
8698
6944
1056
9674
5467
5054
8170
3434
3117
1142
5959
9725
9045
1043
2565
8969
2036
5706
3314
7226
 693
4407
2010
2025
7859
1131
9885
7922
5989
6323
1428
6470
9174
1933
4036
3176
8696
 312
7954
3610
6963
8770
5926
7866
6809
2881
5180
7166
 279
3348
4153
3254
7491
9836
2074
4576
6193
1238
 330
  27
2609
5115
2874
8289
7331
4420
1008
4727
9243
7156
8725
3463
7298
1518
9033
5759
1418
4291
2929
8795
6831
5907
4985
5934
8426
7722
1494
2157
2068
8742
8494
8219
6146
 958
5094
1358
6931
4110
9545
1601
9376
2440
6309
3448
6098
 252
5645
6731
9658
4079
4785
2248
1077
5971
9917
9498
9550
 424
7012
3465
4914
4294
8128
2663
 401
7950
5469
9091
9466
 908
7759
7376
 417
4090
 345
8096
 817
4601
7547
2645
 641
2388
 550
3159
9536
7848
 970
1058
9443
8741
2627
6261
4134
1693
5022
9874
9181
5476
1559
4506
8327
3101
7556
7523
6120
1560
7161
5353
1270
7764
 595
5052
1557
8475
2732
8304
9969
6755
8855
4278
9494
7409
4319
6729
3246
5070
2750
8233
5896
8853
2129
7384
5505
8091
8110
1090
5380
5389
8072
7822
9010
 189
9678
9382
1272
 493
2161
4424
  67
8940
1807
8349
7810
6741
7681
8999
 343
8520
6456
1363
2759
9000
7749
7893
1859
9310
5495
2897
5898
 599
1622
5974
7763
2456
2939
7070
6667
6531
6625
9818
4616
5037
1021
9023
1450
8819
5140
7787
3739
3726
8082
4796
9834
9110
6062
7978
2592
1591
  82
 840
7508
9692
3208
 475
6050
5849
 608
6280
3767
3236
4395
9037
8348
1697
7989
8823
1741
7143
3795
9044
5955
9945
1751
4405
6631
1942
 818
9504
6795
9371
8127
5200
3969
 513
1569
3267
2062
5983
3634
1019
5225
4674
2347
 524
4827
8050
6542
3042
4078
8976
 796
6868
6562
 352
7752
5279
2925
8430
9791
1319
  84
9618
6327
1636
8012
1661
9086
1827
4317
2799
2702
8958
4436
6141
6353
3856
2199
8388
8380
3722
2359
6464
3322
5016
5831
4627
 961
9942
5613
7371
6515
5825
4453
2105
5020
4403
5362
 245
6878
5839
6241
3668
4771
2822
8397
8900
8068
7781
3194
7477
4481
2965
6127
2071
7751
1234
2064
4580
8386
5980
4102
6726
2238
2230
 979
6844
1940
1945
7356
3010
 873
8632
7454
9312
4618
7325
4885
 906
4048
4208
8146
6149
6894
4286
3870
7828
4500
5649
1798
3732
7742
1725
 372
 506
8325
 284
5750
1398
8591
4216
6051
5902
6442
6584
9507
4941
6526
2383
5589
9425
 358
5978
9977
7048
8805
2458
3862
5332
8247
6829
7777
2936
3949
3867
3376
6031
1773
9138
2420
1872
6644
4075
7401
5030
2321
5778
6767
6603
5083
7760
7536
 996
 512
9554
5799
 518
2493
1440
 502
5345
1384
4728
5712
3543
3802
7217
4817
2678
 929
5597
8043
3737
5312
1843
5549
4549
6924
6904
6732
6604
5324
5579
9506
7372
1233
9665
8568
5358
9815
2303
5729
4262
 419
8899
4947
8560
1405
4556
1263
7450
9307
8437
6694
7300
4485
6143
  81
5608
6793
3198
1139
3716
5921
2755
8524
2196
8954
4653
7581
2070
4442
8248
4696
3562
5404
 791
8703
1765
 923
 863
6040
9006
 187
3885
3825
4304
  10
9328
4418
5394
4788
3165
9136
2888
1498
2294
8955
1472
8694
5420
9389
9145
9517
4285
9431
3141
9295
1194
9524
6113
4000
 119
8111
4182
2006
1487
6909
8339
2072
6782
4009
1629
8114
3435
6475
3665
5925
9194
6447
1072
8081
9273
 668
4219
3175
9051
2570
 112
3255
8393
3516
5452
7196
 124
 282
6536
4949
7233
1203
1985
2009
8184
9159
7421
9555
3466
 219
6206
8546
8804
9249
4964
2086
2043
5539
2751
7889
2399
2156
6934
5639
7060
8612
 995
8200
2478
9168
5363
 581
5559
4472
9704
7535
6169
4820
7855
4751
8368
2988
6271
3560
7928
6662
7292
1730
8433
4200
8197
5622
1695
4320
2226
8775
8923
1928
5616
3771
6329
7823
4509
5160
 875
 497
1361
1618
9167
8913
4682
1158
1663
4023
3951
7266
7755
7107
6979
9269
6360
  96
8346
7061
4540
1845
9074
1081
6557
2060
4707
4783
9584
 734
9019
 890
3253
9858
3406
3772
4550
8769
 893
4692
1524
9156
5894
9247
3764
1054
3559
4332
5145
5337
  12
8761
3185
5507
3858
3826
4399
9357
9993
7553
7865
3757
4544
4971
1792
 795
6403
5919
6407
7849
8662
9430
3983
7970
6147
1584
4844
7186
5040
1766
6020
2783
 313
 812
1649
2169
8443
8286
  94
3269
5708
8947
6182
 339
9748
3695
2135
2082
7369
 915
8845
6511
5074
4979
 148
3311
8692
4454
5411
1934
 459
3907
1752
1071
9447
7090
2352
 498
3084
9957
7000
1481
9761
 145
7958
9566
4974
3801
8093
3043
 558
1007
  55
2407
9320
3133
4875
1982
8700
3183
6993
9589
6855
8351
2164
4698
7720
8743
4646
4337
9687
1339
9463
2803
 810
8143
4293
7667
6779
7652
9031
3320
8553
4809
6035
9403
5023
3144
3425
3104
5496
1573
 210
3441
2856
2991
4325
9800
5222
9260
8235
7241
5081
8343
3996
6998
1003
8733
4187
5905
2053
7733
4267
7630
8305
2742
4059
8953
 460
6307
 160
8462
9679
1055
3574
4676
4768
3046
5654
6004
  21
7101
6412
9756
9726
5679
6029
7941
6923
5342
3228
1556
2963
5152
6739
9434
7032
6605
8040
5192
4298
9070
3546
3713
9930
7793
2007
4897
4865
9916
9941
4409
9807
8268
4316
8740
1300
4898
7966
5670
1879
2657
6287
7489
4081
6341
7968
6886
7836
9205
2286
5882
4069
2753
9890
2252
2078
8282
6991
9024
3405
2651
8418
3415
8216
4247
5931
5788
9799
2934
6446
1476
5304
4487
8015
 501
5895
4726
8834
6700
 844
2583
1517
1606
3226
7387
 317
4402
5785
4965
6769
8312
3234
3578
9831
2056
1989
8780
3902
1292
2848
4719
4819
6121
4856
6947
4034
1515
3240
2569
3387
2808
9881
2466
3689
5784
8101
2998
6049
1417
3291
2861
5113
1357
8821
9888
2125
1075
4907
8962
9604
9721
6691
5958
5061
9553
9080
9894
5230
 491
1288
2831
9931
5513
4570
4171
7365
4202
8861
3741
3674
1691
3087
9863
3933
9795
4794
2108
6828
6432
4441
5530
3467
3652
8896
 885
3385
2522
4583
 269
3763
6717
8721
3499
 438
 170
8710
7582
5835
3803
 523
2604
2743
8532
2778
9830
6249
 862
6901
7738
2849
7565
4973
9219
3071
9321
6870
9354
 157
8777
5207
4242
2123
1722
4739
9609
1172
4139
 297
 353
6205
9212
5405
6569
3721
3626
6808
2672
9943
8832
 630
 568
4351
1004
1634
 504
 567
4927
4249
7543
6158
6830
 758
 486
 654
4028
 178
 980
6776
4058
9701
5418
3399
7971
2850
 753
3498
3097
5580
9234
2722
9448
2450
1531
8987
 744
9488
5829
6788
2774
5314
2693
6627
9027
8727
1150
7507
4117
1164
2197
 691
3482
1764
9007
2131
1778
2049
8668
1794
1190
1617
6438
4895
1833
3119
3522
3157
4686
 615
7431
9256
7920
5897
8198
9398
2342
5761
2866
8224
3000
3440
5803
9719
5707
8936
 853
6600
 173
7191
7716
7718
 645
6907
7499
5119
4002
6502
 364
4899
7281
6080
9109
6411
2626
9914
 718
1328
2804
3171
8095
7058
9015
6115
7049
4105
3335
3942
6953
5102
2080
1550
6462
7120
4635
5942
3811
6027
9961
9736
6880
9926
9527
8201
7446
5289
 895
9871
5197
8424
3030
5294
8850
7383
1177
7162
7341
9905
9367
8225
2532
4499
 647
4870
 139
4918
3538
1325
8490
  25
7999
 125
 633
8748
2785
6679
9909
8444
9573
8973
7932
2666
6328
2186
2591
2706
8718
3066
4626
6431
7791
5804
6509
9471
5309
7317
3444
8031
5604
2130
9666
3431
 603
5563
5021
7328
7220
5860
 950
8063
8058
6209
2943
8650
9378
7077
 701
6533
6896
 420
7987
5128
 824
4806
1830
2735
8517
1713
 790
5881
8141
1545
2343
  91
4721
9775
2838
4192
9299
9368
1962
9141
7633
 698
8702
9572
2476
 919
9534
5733
4752
5848
2470
1568
5009
 772
8510
1066
 392
4688
2981
4466
8035
7601
8453
 409
7964
2044
1716
6602
7768
9331
5846
5179
1113
3611
7699
6970
2737
9124
6043
8341
9821
2406
2826
5270
7374
3124
3699
7753
 589
3473
8573
2840
1915
1289
6724
1997
7282
9222
1983
5103
7247
1965
1446
7833
6345
2986
1461
8886
5429
3215
2205
 103
 667
9082
 879
8262
7115
5354
5347
3489
5874
5174
6942
1996
8366
7979
5815
 275
3728
5777
1103
3970
1612
2042
6748
8383
7269
8688
7957
6945
8990
7563
3147
1978
2909
8458
9204
7367
1768
2097
1044
9806
6299
7087
1655
3800
6136
8469
1519
6939
4660
1415
3047
 963
5880
2386
7273
3131
6052
2705
4950
1566
5051
 606
4203
 161
5544
8187
9577
3672
8549
9829
2477
9759
2348
  43
7707
3515
 597
7312
4886
8482
2375
3366
7578
8357
2781
5344
1889
3470
 423
4994
 387
8139
2835
1467
4180
6597
  20
7951
1818
4956
2519
2922
1762
2507
9737
4998
2821
6285
2426
7439
2947
3707
 937
8826
6122
4776
9017
 169
1619
3351
3925
 182
1290
3309
4021
4070
3233
9765
3083
5172
8332
4952
8230
8749
2206
3585
7363
7807
3539
1805
8307
7514
6856
7626
7137
2979
5212
7912
1852
2652
1218
6367
4677
3241
9680
6072
1070
1349
 108
1027
  50
3085
9551
9567
7432
4933
  75
9944
2590
2296
 448
6427
9316
 413
8046
7640
4038
8100
4962
1110
5718
9282
4392
8406
4185
2631
6916
9244
5657
1602
1191
3687
2819
9438
3747
2677
6016
4157
5538
4641
9762
9292
1680
2284
4871
1048
 246
7906
4650
2560
9283
2797
3638
3729
5685
5938
9513
1507
6036
7644
 464
1076
5636
1474
 137
6827
 324
5601
 579
6590
2952
4037
7055
5578
3044
6668
6278
5916
1702
6055
5382
5057
 745
 342
 741
5970
6025
3510
7539
4447
6822
1704
7276
 899
3028
8643
 231
9924
5575
6498
6695
1342
6129
3901
3691
4937
8369
 519
8275
2091
5584
8629
6002
6528
8260
4252
7355
4913
4837
1510
3567
3051
1416
3743
6749
3899
1703
7373
4177
6215
6758
9092
9341
7205
6537
6260
3911
8757
8884
7572
7711
 787
6481
5484
4480
8124
8277
4934
4125
8847
6211
3693
7428
2098
6441
3953
 881
1035
4911
8212
 150
9544
6692
7056
7835
8344
3356
8792
6972
8922
9223
2733
7278
7213
8401
7511
1650
9308
